0.521037
0.0226581
0.545989
0.363733
0.593753
0.792037
0.70314
0.731113
0.686364
0.605518
0.356147
0.120469
0.369034
0.273811
0.159296
0.351398
0.135682
0.300625
0.311645
0.183042
0.620776
0.141525
0.66831
0.450698
0.601136
0.619292
0.56861
0.912027
0.598462
0.418864
0.138463
0.310426
0.157254
0.301776
0.179343
0.407692
0.189896
0.156139
0.237624
0.416667
0.162174
0.0573601
0.0946782
0.0613014
0.0313001
0.229425
0.0927389
0.0602778
0.2491
0.167699
0.0485469
0.255425
0.192964
0.24548
0.129276
0.480948
0.14554
0.190895
0.442612
0.278336
0.0831855
0.043618
0.379052
0.523842
0.357612
0.235546
0.372303
0.0979388
0.0561856
0.144085
0.255051
0.106992
0.39924
0.403952
0.344909
0.185279
0.175749
0.0652507
0.0459091
0.363137
0
0.0296837
0.251156
0.351279
0.224762
0.126229
0.149904
0.0233043
0.0191534
0.099622
0.718557
0.388725
0.182999
0.365801
0.401759
0.357681
0.217773
0.551323
0.359242
0.302952
0.403728
0.488384
0.371104
0.112656
0.174549
0.0932008
0.0621743
0.0661522
0.19751
0.0649495
0.240955
0.144763
0.11101
0.353611
0.497868
0.325166
0.196692
0.433402
0.389741
0.286502
0.225958
0.522337
0.213877
0.0579168
0.309953
0.0415962
0.304886
0.176331
0.690349
0.261702
0.161129
0.325845
0.678283
0.346462
0.10813
0.144493
0.0892899
0.0482781
0.397287
0.196308
0.0293434
0.156071
0.250999
0.182041
0.218783
0.0125267
0.203944
0.103298
0.488212
0.107314
0.3813
0.415575
0.726804
0.250148
0.179063
0.628473
0.450457
0.612328
0.475292
0.344407
0.343292
0.343252
0.431561
0.522727
0.137532
0.233967
0.25389
0.17891
0.151416
0.146276
0.2446
0.106869
0.240386
0.262959
0.121478
0.579509
0.521588
0.526371
0.384585
0.315856
0.388496
0.172318
0.103435
0.210859
0.161246
0.231011
0.0825879
0.206967
0.08327
0.0370732
0.563059
0.192105
0.0968135
0.0956262
0.297475
0.555392
0.0199167
0.0499912
0.0281299
0.00404185
0.222592
0.149293
0.082298
0.197007
0.129425
0.100576
0.0604055
0.202559
0.0700732
0.0243807
0.243266
0.451232
0.269921
0.238978
0.450859
0.377489
0.138725
0.413129
0.142712
0.402253
0.262227
0.379074
0.230783
0.167174
0.294881
0.381818
0.153117
0.0724968
0.100623
0.0572492
0.0394809
0.119115
0.0968696
0.0423737
0.240197
0.123938
0.0495834
0.340448
0.192697
0.318193
0.0381991
0.0158769
0.606419
0.391681
0.429792
0.270756
0.346343
0.613669
0.130153
0.190396
0.138138
0.0664687
0.492642
0.431017
0.962512
0.390507
0.751515
0.905644
0.258193
0.50915
0.156246
0.0804037
0.314682
0.703037
1
1
0.388051
1
0.109925
0.199094
0.0964819
0.182081
0.0894367
0.444628
0.0963511
0.0992013
0.322715
0.248768
0.0831038
0.30522
0.335475
0.290581
0.178961
0.341699
0.133427
0.137254
0.170875
0.271717
0.142165
0.129712
0.173886
0.112378
0.0683566
0.145834
0.0629225
0.0543182
0.178879
0.102972
0.0336222
0.357524
0.192814
0.201759
0.180487
0.0888468
0.253781
0.133607
0.113658
0.165464
0.180761
0.052604
0.34261
0.4535
0.349527
0.197837
0.495351
0.680694
0.464152
0.328926
0.668687
0.536226
0.0631903
0.386713
0.0638458
0.0465411
0.2127
1
0.294444
0.31559
0.608544
0.373989
0.114119
0.235503
0.456823
0.244385
0.111605
0.420855
0.400607
0.252556
0.386942
0.505224
0.344746
0.392304
0.108218
0.375786
0.246872
0.263519
0.131648
0.138051
0.156909
0.15101
0.111626
0.0369002
0.000574611
0.0361872
0.0246508
0.0876364
0.0759155
0.0464899
0.139667
0.0233157
0.0848202
0.0797783
0.301672
0.194296
0.317695
0.153116
0.280195
0.325416
0.271725
0.473883
0.273802
0.187459
0.266884
0.482246
0.259554
0.149692
0.238332
0.171493
0.127413
0.101193
0.229293
0.215459
0.0483071
0.155985
0.0324177
0.0218678
0.117483
0.155376
0.0761616
0.164633
0.10197
0.165166
0.0468195
0.213803
0.421109
0.188605
0.102438
0.257082
0.11983
0.183546
0.17079
0.236941
0.111111
0.279663
0.148799
0.284431
0.156394
0.315699
0.353414
0.321931
0.197813
0.270707
0.297599
0.0329531
0.0176803
0.0770862
0.0178335
0.128769
0.40307
0.20601
0.0541162
0.175791
0.0814431
0.0485124
0.87371
0.936567
0.814732
0.797975
0.455194
0.230045
0.27492
0.570103
0.25685
0.178014
0.171281
0.312479
0.176145
0.0860657
0.399476
0.292375
0.149649
0.131312
0.435354
0.314869
0.122759
0.184936
0.125948
0.037912
0.195703
0.252035
0.280575
0.200177
0.336048
0.153346
0.096776
0.21238
0.204424
0.207729
0.100865
0.185498
0.19832
0.267093
0.349485
0.085551
0.106454
0.264991
0.293879
0.24905
0.146554
0.282567
0.069873
0.00435801
0.0145328
0.321717
0.180918
0.0580844
0.21875
0.0454224
0.0292269
0.158752
0.243465
0.0533992
0.0456566
0.174256
0.141104
0.0836823
0.111348
0.333689
0.10135
0.046746
0.463118
0.0748125
0.0672764
0.22433
0.127735
0.153352
0.211984
0.285763
0.205929
0.110117
0.324095
0.176554
0.0783505
0.0746521
0.177273
0.262637
0.078327
0.154438
0.0809499
0.0301234
0.0182444
0.142673
0.134497
0.0480303
0.191514
0.0582259
0.0764272
0.21736
0.241471
0.211116
0.101824
0.551608
0.189976
0.143051
0.396907
0.161049
0.199987
0.632259
0.399053
0.636514
0.475292
0.581114
0.515674
0.600984
0.747515
0.762121
0.35257
0.166105
0.146482
0.153371
0.0316638
0.00983941
0.144168
0.243774
0.12697
0.161205
0.135335
0.10835
0.10032
0.29451
0.10379
0.0413881
0.344251
0.304945
0.346725
0.279038
0.279322
0.283419
0.193052
0.177545
0.191417
0.0977306
0.457434
0.219588
0.126453
0.166054
0.361616
0.402485
0.0175991
0.10217
0.130945
0.0740706
0.0401533
0.138355
0.018333
0.00200227
0.0685168
0.176563
0.00563824
0.205977
0.238806
0.181334
0.098432
0.143697
0.0155039
0.00286022
0.0561856
0.131678
0.00111505
0.299068
0.401082
0.286435
0.170774
0.29963
0.136035
0.0783505
0.120477
0.381313
0.14743
0.0545356
0.036176
0.147366
0.0453282
0.0134255
0.193494
0.324736
0.115859
0.253647
0.133647
0.122307
0.188901
0.554371
0.205937
0.07936
0.972264
0.883478
0.671086
0.867354
0.510349
0.559229
0.202991
0.109909
0.202958
0.10299
0.6416
0.281332
0.185098
0.275845
0.483838
0.40396
0.256529
0.026797
0.0724673
0.0238421
0.0115391
0.0865486
0.0934148
0.0489899
0.0789543
0.0566781
0.0912828
0.168979
0.222015
0.151302
0.0765582
0.26963
0.155825
0.166054
0.190928
0.20205
0.239669
0.228075
0.255326
0.217469
0.122333
0.34522
0.13171
0.0668463
0.0814115
0.397475
0.517677
0.393429
0.455731
0.188472
0.408378
0.316957
0.220451
0.275167
0.11346
0.40519
0.173046
0.169983
0.542156
0.416578
0.531351
0.384094
0.531797
0.361799
0.336342
0.733333
0.283461
0.326381
0.270671
0.0831924
0.256306
0.149099
0.317956
0.118275
0.0552952
0.119384
0.103877
0.404545
0.284541
0.0923411
0.0904128
0.0866984
0.0367913
0.142673
0.0853787
0.0178434
0.123167
0.201891
0.0512417
0.231946
0.329424
0.22277
0.108558
0.331704
0.133801
0.0569249
0.219381
0.344569
0.146333
0.334091
0.212039
0.317808
0.198388
0.288435
0.121373
0.0828022
0.0660497
0.162227
0.159091
0.214827
0.0830346
0.345606
0.0720916
0.04133
0.140327
0.0766666
0.0200404
0.172912
0.109163
0.0722123
0.253291
0.788646
0.23049
0.1279
0.303969
0.111389
0.0559345
0.26677
0.124384
0.142398
0.220029
0.662158
0.214774
0.115207
0.369595
0.203546
0.26845
0.119845
0.0780815
0.404545
0.387742
0.0132899
0.0392946
0.0256326
0.00522042
0.0938573
0.215384
0.0696212
0.126747
0.059633
0.130495
0.142654
0.195362
0.151253
0.0609271
0.409628
0.351709
0.26877
0.273746
0.200276
0.34737
0.276823
0.203585
0.270196
0.154146
0.340977
0.190395
0.0645666
0.0168065
0.0571074
0.279293
0.214195
0.0782546
0.248807
0.0636574
0.0332426
0.294965
0.0584162
0.016202
0.149555
0.29279
0.135643
0.187122
0.115672
0.163504
0.0857255
0.153338
0.0363633
0.0133706
0.0920962
0.140942
0.0999606
0.292442
0.36625
0.278281
0.167635
0.17527
0.523337
0.391142
0.338566
0.406163
0.533333
0.490522
0.101068
0.126061
0.110069
0.0501832
0.125812
0.153198
0.0871717
0.252699
0.129003
0.107451
0.301672
0.470149
0.313213
0.162013
0.569438
0.347634
0.407827
0.704811
0.398186
0.366391
0.359648
0.133581
0.348974
0.217124
0.115673
0.442087
0.230507
0.0984067
0.107207
0.403535
0.308551
0.034474
0.113662
0.0299675
0.015947
0.120271
0.112792
0.0464646
0.10036
0.0929814
0.0613642
0.192814
0.447495
0.18223
0.0898053
0.553589
0.261092
0.220288
0.279038
0.323477
0.226026
0.317052
0.223876
0.398039
0.170824
0.0920467
0.195721
0.0702104
0
0
0.303535
0.200505
0.0741626
0.208584
0.0639872
0.0259022
0.267396
0.0660017
0
0
0.311786
0.0460595
0.132693
0.339819
0.117884
0.055815
0.191045
0.0448138
0
0
0.17603
0.071363
0.196365
0
0
0
0
0
0
0
0
0
0
0
0
0
0
0
0
0
0
0
0
0
0
0
0
0
0
0
0
0
0
0
0
0
0
0
0
0
0
0
0
0
0
0
0
0
0
0
0
0
0
0
0
0
0
0
0
0
0
0
0
0
0
0
0
0
0
0
0
0
0
0
0
0
0
0
0
0
0
0
0
0
0
0
0
0
0
0
0
0
0
0
0
0
0
0
0
0
0
0
0
0
0
0
0
0
0
0
0
0
0
0
0
0
0
0
0
0
0
0
0
0
0
0
0
0
0
0
0
0
0
0
0
0
0
0
0
0
0
0
0
0
0
0
0
0
0
0
0
0
0
0
0
0
0
0
0
0
0
0
0
0
0
0
0
0
0
0
0
0
0
0
0
0
0
0
0
0
0
0
0
0
0
0
0
0
0
0
0
0
0
0
0
0
0
0
0
0
0
0
0
0
0
0
0
0
0
0
0
0
0
0
0
0
0
0
0
0
0
0
0
0
0
0
0
0
0
0
0
0
0
0
0
0
0
0
0
0
0
0
0
0
0
0
0
0
0
0
0
0
0
0
0
0
0
0
0
0
0
0
0
0
0
0
0
0
0
0
0
0
0
0
0
0
0
0
0
0
0
0
0
0
0
0
0
0
0
0
0
0
0
0
0
0
0
0
0
0
0
0
0
0
0
0
0
0
0
0
0
0
0
0
0
0
0
0
0
0
0
0
0
0
0
0
0
0
0
0
0
0
0
0
0
0
0
0
0
0
0
0
0
0
0
0
0
0
0
0
0
0
0
0
0
0
0
0
0
0
0
0
0
0
0
0
0
0
0
0
0
0
0
0
0
0
0
0
0
0
0
0
0
0
0
0
0
0
0
0
0
0
0
0
0
0
0
0
0
0
0
0
0
0
0
0
0
0
0
0
0
0
0
0
0
0
0
0
0
0
0
0
0
0
0
0
0
0
0
0
0
0
0
0
0
0
0
0
0
0
0
0
0
0
0
0
0
0
0
0
0
0
0
0
0
0
0
0
0
0
0
0
0
0
0
0
0
0
0
0
0
0
0
0
0
0
0
0
0
0
0
0
0
0
0
0
0
0
0
0
0
0
0
0
0
0
0
0
0
0
0
0
0
0
0
0
0
0
0
0
0
0
0
0
0
0
0
0
0
0
0
0
0
0
0
0
0
0
0
0
0
0
0
0
0
0
0
0
0
0
0
0
0
0
0
0
0
0
0
0
0
0
0
0
0
0
0
0
0
0
0
0
0
0
0
0
0
0
0
0
0
0
0
0
0
0
0
0
0
0
0
0
0
0
0
0
0
0
0
0
0
0
0
0
0
0
0
0
0
0
0
0
0
0
0
0
0
0
0
0
0
0
0
0
0
0
0
0
0
0
0
0
0
0
0
0
0
0
0
0
0
0
0
0
0
0
0
0
0
0
0
0
0
0
0
0
0
0
0
0
0
0
0
0
0
0
0
0
0
0
0
0
0
0
0
0
0
0
0
0
0
0
0
0
0
0
0
0
0
0
0
0
0
0
0
0
0
0
0
0
0
0
0
0
0
0
0
0
0
0
0
0
0
0
0
0
0
0
0
0
0
0
0
0
0
0
0
0
0
0
0
0
0
0
0
0
0
0
0
0
0
0
0
0
0
0
0
0
0
0
0
0
0
0
0
0
0
0
0
0
0
0
0
0
0
0
0
0
0
0
0
0
0
0
0
0
0
0
0
0
0
0
0
0
0
0
0
0
0
0
0
0
0
0
0
0
0
0
0
0
0
0
0
0
0
0
0
0
0
0
0
0
0
0
0
0
0
0
0
0
0
0
0
0
0
0
0
0
0
0
0
0
0
0
0
0
0
0
0
0
0
0
0
0
0
0
0
0
0
0
0
0
0
0
0
0
0
0
0
0
0
0
0
0
0
0
0
0
0
0
0
0
0
0
0
0
0
0
0
0
0
0
0
0.377633
0.282503
0.230442
0.271617
0.321312
0.185953
0.226182
0.344503
0.167022
0.593923
0.259312
0.620427
0.166075
0.211984
0.218609
0.294335
0.0955559
0.308533
0.287236
0.223342
0.361068
0.27351
0.21577
0.0764826
0.260732
0.24606
0.531923
0.0975437
0.257892
0.154716
0.317552
0.213392
0.26209
0.137639
0.120392
0.0892797
0.285086
0.286101
0.452486
0.310788
0.344268
0.478526
0.300981
0.285763
0.499831
0.206628
0.158607
0.101454
0.139669
0.31789
0.202232
0.123774
0.0341562
0.300643
0.241461
0.147785
0.309773
0.310788
0.246534
0.218803
0.367908
0.271923
0.219404
0.262525
0.305922
0.175178
0.215673
0.327759
0.159353
0.592288
0.253196
0.628222
0.159422
0.205929
0.210352
0.27835
0.0868634
0.289545
0.268952
0.211043
0.337848
0.266049
0.206897
0.0711768
0.244627
0.231221
0.517656
0.112501
0.24055
0.157073
0.230668
0.157031
0.122672
0.147869
0.186299
0.093404
0.121994
0.207678
0.0808908
0.455355
0.139046
0.468081
0.0809332
0.110117
0.116098
0.167041
0.0436055
0.1793
0.164199
0.116734
0.221166
0.152959
0.112662
0.0329586
0.143415
0.134846
0.374761
0.042842
0.141591
0.076649
0.336643
0.432157
0.280672
0.397581
0.355241
0.293852
0.424754
0.118534
0.441184
0.563059
0.287804
0.499865
0.489031
0.324095
0.199603
0.29322
0.157263
0.190756
0.278866
0.320574
0.212603
0.318769
0.300984
0.494448
0.29322
0.223075
0.404712
0.424754
0.207096
0.482712
0.241856
0.184191
0.113613
0.197994
0.131372
0.0853629
0.121956
0.100669
0.14904
0.444206
0.25158
0.504325
0.14539
0.176554
0.115024
0.10162
0.0361328
0.0514079
0.0551193
0.101681
0.0483713
0.184345
0.123643
0.119901
0.0581559
0.0390774
0.283173
0.545427
0.0465002
0.281332
0.139175
0.144213
0.0629803
0.0301781
0.0249063
0.0289597
0.06291
0.0579897
0.0584583
0.514761
0.160028
0.534911
0.0538191
0.0783505
0.0462512
0.00342315
0.00862465
0.00646204
0.0106818
0.03709
0.0339035
0.0949391
0.0320291
0
0.0104803
0.0263121
0.264761
0.462746
0.0314433
0.157591
0.239513
0.167495
0.11332
0.0956262
0.0952783
0.0680417
0.174702
0.0682903
0.0931909
0.527833
0.154026
0.636183
0.0884692
0.0746521
0.0652584
0.0162078
0.0172565
0.0219632
0.0438817
0.0570577
0.0932903
0.12664
0.0442694
0
0.0319235
0.0251044
0.395129
0.243936
0.0844433
0.197068
0.413636
0.338384
0.411616
0.291919
0.268687
0.196465
0.282323
0.290404
0.320707
0.369697
0.364141
0.600505
0.213131
0.177273
0.441919
0.288889
0.367677
0.15404
0.198485
0.442424
0.288889
0.273232
0.390404
0.557071
0.0782828
0.309596
0.377273
0.641414
0.208081
0.344949
0.180286
0.310447
0.151432
0.232519
0.192923
0.217987
0.271904
0.124263
0.328559
0.327717
0.263901
0.520851
0.337826
0.262637
0.185762
0.189132
0.3869
0.0713985
0.109941
0.238416
0.0545493
0.240944
0.232519
0.497683
0.142586
0.137532
0.140691
0.789174
0.118997
0.480834
0.0638059
0.0354517
0.0345827
0.0250588
0.0389643
0.0231034
0.193192
0.0429115
0.06348
0.361941
0.0915082
0.347818
0.0133985
0.078327
0.0505884
0.0285352
0.0228499
0.0408836
0.103567
0.0175991
0.074054
0.0778562
0.0071338
0.0815861
0.0217635
0.0361398
0.105957
0.128119
0.0964331
0.0927757
0.129906
0.0891531
0.193998
0.0735723
0.0739038
0.147366
0.385608
0.0682461
0.173002
0.17698
0.150239
0.305605
0.265824
0.154438
0.315108
0.0471402
0.208805
0.0720916
0.103496
0.23643
0.12184
0.0661245
0
0.534123
0.0784344
0.0529084
0.0420129
0.342733
0.406604
0.245492
0.0666258
0.0223343
0.0224756
0.0274702
0.0340197
0.0240305
0.159308
0.0425953
0.0721858
0.305329
0.0858503
0.332045
0.013099
0.0809499
0.0567309
0.0210621
0.0182349
0.0354333
0.0852848
0.0165858
0.0564011
0.0748716
0.0164915
0.0690289
0.0136644
0.0320878
0.0843425
0.141922
0.0815153
0.0395797
0.0337469
0.0202989
0.0132201
0.0122862
0.0204297
0.008009
0.0790216
0.0256968
0.0256968
0.235709
0.0401907
0.2316
0.00612255
0.0301234
0.0213075
0.0162459
0.00557903
0.0253793
0.0489505
0.00836387
0.041274
0.0343259
0.00492344
0.0205604
0.0109974
0.0168435
0.0786294
0.0324955
0.0454951
0.0296564
0.123024
0.238366
0.199952
0.147908
0.0895741
0.0599993
0.131999
0.0494952
0.287487
0.147636
0.163749
0.212496
0.243465
0.167896
0.149879
0.0652344
0.19295
0.0552402
0.0827753
0.147908
0.112792
0.162525
0.0819594
0.647143
0.109291
0.123398
0.105653
0.276439
0.191862
0.298365
0.141932
0.133521
0.0957431
0.0717097
0.0443191
0.074789
0.0585664
0.0865052
0.0914621
0.223646
0.236113
0.33848
0.0533992
0.182263
0.158605
0.0421261
0.01976
0.0112206
0.0184682
0.0515066
0.0283068
0.190975
0.0837264
0.088458
0.00570793
0.0263992
0.107685
0.478024
0.0641241
0.303407
0.0387879
0.0589646
0.0356566
0.0165758
0.0107879
0.0270707
0.0321212
0.0272475
0.0469949
0.142374
0.11899
0.193157
0.0456566
0.0560859
0.040303
0.00284848
0.00929545
0.00512626
0.00714899
0.0263131
0.013447
0.0792172
0.0253283
0
0.00661616
0.0283586
0.0608081
0.259343
0.025149
0.101111
0.224853
0.214435
0.162493
0.151127
0.129362
0.177931
0.271263
0.0993181
0.236787
0.328282
0.26577
0.366736
0.174256
0.147888
0.132563
0.045198
0.06577
0.0614131
0.0913241
0.144686
0.119795
0.2025
0.0884069
0
0.0642167
0.095681
0.216518
0.478689
0.212161
0.29248
0.103253
0.258457
0.141245
0.0824281
0.192182
0.302921
0.110711
0.0442956
0.376513
0.15419
0.274638
0.274076
0.141104
0.155597
0.338521
0.0782068
0.269151
0.0973434
0.0891822
0.219621
0.0993133
0.132662
0.175015
0.753898
0.0851016
0.167276
0.0684978
0.380312
0.372151
0.271683
0.0663392
0.13236
0.0307201
0.0171773
0.031342
0.0875171
0.0643699
0.0366969
0.0371806
0.134468
0.129769
0.173887
0.0836823
0.0869298
0.0454721
0.0583931
0.0434683
0.0231886
0.0476141
0.0264707
0
0.120821
0.0365242
0.204704
0.015519
0.00191396
0.0537637
0.241221
0.0713832
0.231513
0.29598
0.206688
0.182497
0.19815
0.239772
0.122376
0.19317
0.294913
0.106724
0.640342
0.196727
0.560299
0.111348
0.168979
0.160441
0.230523
0.0629313
0.250445
0.241907
0.166489
0.303451
0.222697
0.156884
0.0363572
0.192458
0.175027
0.494842
0.0757737
0.176805
0.119175
0.377665
0.210821
0.365938
0.145522
0.130864
0.0746269
0.303038
0.352878
0.32516
0.378998
0.29451
0.464019
0.333689
0.255597
0.522388
0.22468
0.214552
0.13113
0.14339
0.38726
0.259328
0.116738
0.0226546
0.277719
0.204957
0.118603
0.345949
0.303305
0.218284
0.228945
0.292295
0.191245
0.169032
0.1899
0.217939
0.109617
0.172768
0.27586
0.0980627
0.601076
0.187858
0.539818
0.10135
0.160765
0.154291
0.207132
0.0522436
0.224463
0.216893
0.15195
0.265402
0.207331
0.153494
0.0310772
0.16968
0.155336
0.45067
0.0906918
0.156133
0.105185
0.15351
0.0983582
0.081744
0.0905672
0.116963
0.050875
0.0905427
0.155943
0.0436247
0.459054
0.0899774
0.371313
0.046746
0.0748624
0.0715936
0.111016
0.024651
0.126204
0.11974
0.0732157
0.161129
0.106567
0.0694554
0.0134929
0.0882324
0.0805889
0.319455
0.027502
0.081277
0.0504326
0.397081
0.509344
0.434062
0.387176
0.302648
0.144951
0.280856
0.153734
0.284818
0.517269
0.223404
0.419534
0.463118
0.285478
0.160338
0.274913
0.181206
0.125867
0.200951
0.337648
0.197649
0.318497
0.251139
0.419534
0.259064
0.191045
0.476986
0.336327
0.0853199
0.455854
0.267495
0.174162
0.144085
0.116337
0.0775291
0.0463467
0.0508873
0.183767
0.0570966
0.372859
0.182893
0.30252
0.0748125
0.147093
0.105568
0.104113
0.0242842
0.0301443
0.030251
0.0789844
0.0422815
0.187744
0.131278
0.0488789
0.0215774
0.0252544
0.241591
0.337156
0.0192392
0.202491
0.144089
0.178994
0.105112
0.0417971
0.0298083
0.0230351
0.0488818
0.125
0.0332109
0.488898
0.152077
0.39393
0.0672764
0.0979233
0.0578195
0.00894569
0.0117572
0.0110144
0.0145687
0.0632188
0.0379073
0.141294
0.0664856
0
0.0154792
0.0328754
0.307748
0.368131
0.0178674
0.151597
0.511684
0.362887
0.314089
0.217973
0.199381
0.109759
0.246048
0.258763
0.107388
0.680412
0.262027
0.660825
0.22433
0.189313
0.165464
0.0859107
0.047732
0.075945
0.121375
0.197285
0.199759
0.289038
0.162027
0
0.0956701
0.0636426
0.610309
0.393471
0.0973196
0.334845
0.275379
0.357776
0.302779
0.158486
0.247979
0.113937
0.0814114
0.211118
0.130495
0.276562
0.220777
0.340824
0.127735
0.126749
0.330968
0.214075
0.281096
0.13838
0.10684
0.378869
0.190223
0.196925
0.359748
0.310861
0.069387
0.143505
0.245811
0.309482
0.066233
0.205598
0.194674
0.267611
0.0985832
0.093008
0.0846124
0.0747081
0.0925489
0.142464
0.0834973
0.29024
0.148236
0.260068
0.153352
0.139971
0.0813984
0.188968
0.150859
0.0451266
0.0705759
0.0953693
0.0125279
0.18031
0.126591
0.171324
0.043946
0.03496
0.176702
0.330972
0.0280729
0.275351
0
0
0
0
0
0
0
0
0
0
0
0
0
0
0
0
0
0
0
0
0
0
0
0
0
0
0
0
0
0
0
0
0
0
0
0
0
0
0
0
0
0
0
0
0
0
0
0
0
0
0
0
0
0
0
0
0
0
0
0
0
0
0
0
0
0
0
0
0
0
0
0
0
0
0
0
0
0
0
0
0
0
0
0
0
0
0
0
0
0
0
0
0
0
0
0
0
0
0
0
0
0
0
0
0
0
0
0
0
0
0
0
0
0
0
0
0
0
0
0
0
0
0
0
0
0
0
0
0
0
0
0
0
0
0
0
0
0
0
0
0
0
0
0
0
0
0
0
0
0
0
0
0
0
0
0
0
0
0
0
0
0
0
0
0
0
0
0
0
0
0
0
0
0
0
0
0
0
0
0
0
0
0
0
0
0
0
0
0
0
0
0
0
0
0
0
0
0
0
0
0
0
0
0
0
0
0
0
0
0
0
0
0
0
0
0
0
0
0
0
0
0
0
0
0
0
0
0
0
0
0
0
0
0
0
0
0
0
0
0
0
0
0
0
0
0
0
0
0
0
0
0
0
0
0
0
0
0
0
0
0
0
0
0
0
0
0
0
0
0
0
0
0
0
0
0
0
0
0
0
0
0
0
0
0
0
0
0
0
0
0
0
0
0
0
0
0
0
0
0
0
0
0
0
0
0
0
0
0
0
0
0
0
0
0
0
0
0
0
0
0
0
0
0
0
0
0
0
0
0
0
0
0
0
0
0
0
0
0
0
0
0
0
0
0
0
0
0
0
0
0
0
0
0
0
0
0
0
0
0
0
0
0
0
0
0
0
0
0
0
0
0
0
0
0
0
0
0
0
0
0
0
0
0
0
0
0
0
0
0
0
0
0
0
0
0
0
0
0
0
0
0
0
0
0
0
0
0
0
0
0
0
0
0
0
0
0
0
0
0
0
0
0
0
0
0
0
0
0
0
0
0
0
0
0
0
0
0
0
0
0
0
0
0
0
0
0
0
0
0
0
0
0
0
0
0
0
0
0
0
0
0
0
0
0
0
0
0
0
0
0
0
0
0
0
0
0
0
0
0
0
0
0
0
0
0
0
0
0
0
0
0
0
0
0
0
0
0
0
0
0
0
0
0
0
0
0
0
0
0
0
0
0
0
0
0
0
0
0
0
0
0
0
0
0
0
0
0
0
0
0
0
0
0
0
0
0
0
0
0
0
0
0
0
0
0
0
0
0
0
0
0
0
0
0
0
0
0
0
0
0
0
0
0
0
0
0
0
0
0
0
0
0
0
0
0
0
0
0
0
0
0
0
0
0
0
0
0
0
0
0
0
0
0
0
0
0
0
0
0
0
0
0
0
0
0
0
0
0
0
0
0
0
0
0
0
0
0
0
0
0
0
0
0
0
0
0
0
0
0
0
0
0
0
0
0
0
0
0
0
0
0
0
0
0
0
0
0
0
0
0
0
0
0
0
0
0
0
0
0
0
0
0
0
0
0
0
0
0
0
0
0
0
0
0
0
0
0
0
0
0
0
0
0
0
0
0
0
0
0
0
0
0
0
0
0
0
0
0
0
0
0
0
0
0
0
0
0
0
0
0
0
0
0
0
0
0
0
0
0
0
0
0
0
0
0
0
0
0
0
0
0
0
0
0
0
0
0
0
0
0
0
0
0
0
0
0
0
0
0
0
0
0
0
0
0
0
0
0
0
0
0
0
0
0
0
0
0
0
0
0
0
0
0
0
0
0
0
0
0
0
0
0
0
0
0
0
0
0
0
0
0
0
0
0
0
0
0
0
0
0
0
0
0
0
0
0
0
0
0
0
0
0
0
0
0
0
0
0
0
0
0
0
0
0
0
0
0
0
0
0
0
0
0
0
0
0
0
0
0
6.89882e-310
7.57754e-315
6.89882e-310
6.89882e-310
6.89882e-310
2.07012e-314
6.89882e-310
6.89882e-310
6.89882e-310
0
0
0
0
0
0
0
0
0
0
0
0
0
0
0
0
0
0
0
0
0
0
0
0
0
0
0
0
0
0
0
0
0
0
0
0
0
0
0
0
0
0
0
0
0
0
0
0
0
0
0
6.89882e-310
6.89882e-310
6.89882e-310
3.56932e-315
6.89882e-310
6.89882e-310
6.89882e-310
0
0
0
0
1.40247e-314
6.89882e-310
6.89882e-310
6.89882e-310
0
0
0
0
0
0
0
0
5.92062e-315
6.89882e-310
6.89882e-310
6.89882e-310
8.14471e-315
6.89882e-310
6.89882e-310
0
0
0
0
0
0
0
0
0
0
0
0
0
0
0
0
0
0
0
0
0
0
0
0
0
0
0
0
0
0
0
0
6.89882e-310
0
6.89882e-310
6.89882e-310
1.69123e-311
2.54639e-313
6.89882e-310
6.89882e-310
6.89882e-310
3.48283e-310
0
0
0
6.89882e-310
6.89882e-310
6.89882e-310
6.89882e-310
6.89882e-310
6.89882e-310
0
0
0
1.97626e-323
6.89882e-310
6.89882e-310
0
1.01234e-320
1.94275e-317
