1
1
1
1
2
3
3
3
4
5
5
5
5
5
6
6
7
7
7
8
8
8
8
8
8
9
9
9
9
10
10
10
10
10
10
10
11
11
11
12
12
12
12
12
13
13
13
13
14
14
14
15
15
16
16
16
17
17
17
17
17
17
19
19
20
20
23
24
24
26
26
27
27
27
28
29
30
31
31
31
32
33
34
34
34
34
34
34
35
35
36
36
36
37
38
38
38
39
39
40
40
41
41
43
44
44
47
48
48
49
51
51
52
53
53
54
55
55
56
56
57
57
58
58
58
58
59
60
61
61
62
62
62
62
63
63
64
65
65
66
66
67
68
68
70
70
72
72
73
73
73
74
74
74
75
76
76
76
76
77
77
77
78
81
83
84
84
86
87
88
91
91
91
94
96
97
98
99
100
101
103
104
104
105
106
108
109
111
114
116
116
116
117
119
123
123
123
125
10.95
11.08
11.42
11.76
11.8
11.84
12.34
12.46
12.53
12.68
12.75
12.77
12.83
13
13.11
13.17
13.17
13.28
13.43
13.44
13.48
13.63
13.71
13.77
13.8
13.81
13.82
13.86
13.86
13.96
13.98
14.19
14.19
14.22
14.25
14.25
14.42
14.45
14.54
14.58
14.6
14.68
14.71
14.72
14.78
14.86
14.87
14.95
14.99
15.05
15.06
15.08
15.1
15.12
15.13
15.22
15.28
15.3
15.32
15.34
15.44
15.46
15.46
15.5
15.53
15.6
15.61
15.66
15.66
15.7
15.75
15.78
15.78
15.78
15.85
16.02
16.11
16.13
16.13
16.16
16.24
16.25
16.27
16.34
16.6
16.65
16.69
16.7
16.74
16.78
17.02
17.05
17.06
17.14
17.17
17.19
17.2
17.27
17.29
17.29
17.3
17.42
17.46
17.53
17.57
17.6
17.68
17.75
17.93
17.95
17.98
17.99
17.99
18.01
18.02
18.03
18.11
18.11
18.22
18.31
18.31
18.45
18.49
18.61
18.65
18.66
18.77
18.82
18.98
18.98
19
19.07
19.1
19.16
19.18
19.21
19.22
19.27
19.28
19.37
19.4
19.44
19.45
19.53
19.53
19.55
19.55
19.55
19.59
19.59
19.68
19.71
19.79
19.8
19.8
19.89
19.89
19.96
20.09
20.13
20.16
20.18
20.2
20.29
20.29
20.31
20.34
20.44
20.51
20.59
20.64
20.73
20.77
20.92
21.09
21.1
21.16
21.37
21.42
21.56
21.61
21.75
21.93
22.01
22.41
22.44
22.52
23.01
23.21
23.27
23.29
23.51
24.24
24.25
24.29
24.63
25.73
27.22
10.38
11.89
14.26
14.34
15.05
15.29
15.49
15.56
15.79
16.4
16.58
16.67
16.68
16.85
16.89
16.93
17.05
17.08
17.1
17.12
17.27
17.35
17.44
17.46
17.52
17.57
17.6
17.88
17.89
18.05
18.14
18.15
18.57
18.58
18.66
18.7
18.74
18.77
18.8
18.82
18.83
18.87
18.9
18.91
19.06
19.07
19.08
19.22
19.33
19.38
19.51
19.54
19.61
19.62
19.63
19.66
19.77
19.83
20.01
20.13
20.2
20.2
20.22
20.25
20.26
20.28
20.31
20.38
20.46
20.52
20.56
20.58
20.66
20.68
20.71
20.74
20.81
20.82
20.83
20.88
20.99
21
21.08
21.24
21.35
21.38
21.43
21.43
21.49
21.51
21.53
21.54
21.56
21.58
21.59
21.59
21.6
21.68
21.72
21.78
21.81
21.82
21.87
21.9
21.92
21.97
22.02
22.04
22.07
22.13
22.15
22.28
22.29
22.33
22.39
22.41
22.47
22.49
22.83
22.84
22.91
23.04
23.12
23.2
23.21
23.21
23.24
23.29
23.33
23.5
23.75
23.81
23.83
23.84
23.86
23.94
23.95
23.95
23.96
23.98
24.03
24.04
24.12
24.27
24.48
24.49
24.51
24.52
24.7
24.81
25
25.09
25.12
25.2
25.26
25.27
25.28
25.42
25.48
25.56
25.74
26.02
26.17
26.29
26.47
26.57
26.6
26.67
26.79
26.83
26.86
26.97
27.06
27.18
27.41
27.42
27.54
27.6
27.81
28.03
28.08
28.13
28.25
28.77
29.19
29.81
29.95
30.62
30.64
30.98
30.99
31.12
31.18
31.39
32.47
33.56
33.87
39.28
71.9
73.3
75
77.58
77.93
78.99
80.41
81.15
81.72
82.69
83.97
84.6
85.26
85.42
85.84
85.98
86.18
87.21
87.32
87.5
88.4
89.6
89.65
90.2
90.43
90.63
90.96
91.12
91.43
91.56
92.33
92.87
93.63
93.97
94.37
94.48
94.49
94.74
95.54
95.55
96.29
96.42
96.71
96.73
96.85
97.26
97.26
97.4
97.41
98
98.64
98.78
98.92
99.28
99.85
100
100.3
100.4
101
101.2
102
102.2
102.4
102.5
102.5
102.7
102.9
103.2
103.4
103.6
103.7
103.7
103.8
105.1
105.7
106.2
106.9
107
107.1
107.1
108.1
108.3
108.8
109.3
109.4
109.8
110
110
110.1
110.2
110.3
111.6
111.8
112.4
112.7
112.8
113
113.4
113.4
114
114.2
114.2
114.4
114.5
115
115.2
115.8
116
117.3
117.4
117.5
117.5
117.8
118.4
118.6
118.7
118.7
119
120
120.8
120.8
121.3
121.4
122
122.1
122.8
122.9
123.4
123.7
123.7
124.4
124.9
125.5
126.2
126.5
127.5
127.7
127.9
128
128
128.1
128.3
128.8
128.9
129.1
129.1
129.5
129.5
129.7
129.9
129.9
130.2
130.2
130.4
130.5
130.7
130.8
131.1
131.2
132.8
132.9
133.6
133.7
133.8
133.8
134.4
134.7
134.8
135.1
135.7
135.9
137.2
137.4
137.5
137.8
138.1
142
142.7
143
144.4
145
145.5
146.7
146.9
147.2
147.3
150.6
152.1
153.5
155.1
156.8
158.9
159.6
161.8
165.5
166.2
174.2
182.1
361.6
371.1
386.1
431.1
432
440.6
475.9
477.4
490.9
499
502.7
503.2
506.3
519.8
530.2
531.5
534.6
545.2
559.2
563
565.4
569.2
577.9
578.9
584.1
588.9
595.8
595.9
597.8
599.5
602.4
609.9
610.7
632.4
633
642.5
642.7
644.8
645.7
656.9
657.5
658.8
664.7
668.3
671.4
678.1
682.5
684.5
698.8
701.9
704.4
705.6
710.6
712.8
713.3
716.6
716.6
716.9
719.5
731.3
732.4
736.9
740.4
744.9
758.6
758.6
760
766.6
769
771.1
773.5
781
782.6
782.7
797.8
798.8
803.1
805.1
807.2
809.8
813
813.7
815.8
829.8
857.6
858.1
869.5
885.4
886.3
895
899.3
904.6
912.7
915.3
918.6
920.6
928.2
928.3
928.8
929.4
938.6
947.8
948
955.1
963.7
966.6
970.2
980.5
981.6
982
984.4
990
991.7
995
998.9
1001
1007
1013
1027
1030
1041
1051
1052
1068
1076
1077
1092
1094
1104
1110
1112
1127
1132
1134
1138
1138
1148
1152
1155
1156
1162
1167
1169
1174
1174
1191
1192
1192
1194
1207
1214
1214
1217
1223
1229
1230
1234
1235
1238
1247
1250
1261
1264
1274
1288
1291
1293
1297
1311
1319
1320
1335
1336
1347
1373
1384
1404
1407
1419
1440
1479
1482
1487
1491
1504
1528
1597
1670
1685
1686
1705
1715
1747
1761
1841
1945
2010
2250
0.07497
0.07592
0.0784
0.07885
0.0802
0.08162
0.08206
0.08217
0.0832
0.08331
0.08401
0.08402
0.0842
0.08439
0.08455
0.08523
0.08588
0.08625
0.08679
0.08682
0.08836
0.08855
0.08865
0.08876
0.08886
0.08896
0.08938
0.08947
0.08952
0.08999
0.09033
0.09048
0.09055
0.09056
0.09057
0.09075
0.09081
0.09087
0.09116
0.0915
0.09159
0.09215
0.09252
0.09258
0.0926
0.09278
0.09289
0.09374
0.09383
0.09387
0.09399
0.09401
0.09401
0.09428
0.0944
0.09446
0.09463
0.09469
0.09489
0.09509
0.09597
0.0961
0.09652
0.09668
0.09684
0.0971
0.09714
0.09721
0.09726
0.09746
0.09752
0.0978
0.09797
0.09812
0.09823
0.09847
0.09866
0.09867
0.09867
0.09872
0.09889
0.09905
0.09968
0.09997
0.1
0.1001
0.1003
0.1004
0.1005
0.1006
0.1007
0.1008
0.1008
0.101
0.1012
0.1015
0.1016
0.1018
0.1018
0.102
0.1024
0.1026
0.1026
0.1027
0.103
0.1031
0.1032
0.1033
0.1034
0.1035
0.1036
0.1037
0.1039
0.104
0.1041
0.1044
0.1048
0.1049
0.105
0.1053
0.1054
0.1054
0.1055
0.106
0.1063
0.1063
0.1066
0.1067
0.1068
0.1069
0.107
0.1071
0.1073
0.1075
0.1079
0.108
0.1082
0.1085
0.1088
0.1089
0.109
0.1091
0.1094
0.1096
0.1099
0.1099
0.1109
0.1109
0.111
0.1115
0.1119
0.1119
0.112
0.112
0.1121
0.1122
0.1133
0.1137
0.1139
0.1141
0.1141
0.1141
0.1149
0.115
0.1155
0.1157
0.1157
0.1158
0.1162
0.1162
0.1167
0.1167
0.1169
0.117
0.117
0.1172
0.1174
0.1183
0.1184
0.1186
0.1186
0.1189
0.1189
0.1197
0.1198
0.12
0.1211
0.1215
0.1216
0.1227
0.1243
0.1257
0.1273
0.1323
0.1335
0.1398
0.1425
0.1447
0.04605
0.05131
0.0524
0.05616
0.05761
0.05914
0.06031
0.06271
0.06288
0.06636
0.06655
0.06669
0.06722
0.07027
0.07081
0.07112
0.072
0.08028
0.08318
0.08468
0.08564
0.08597
0.08731
0.08799
0.08995
0.0903
0.09162
0.09175
0.09182
0.0924
0.09588
0.09769
0.09871
0.1002
0.1022
0.1023
0.1034
0.1036
0.1041
0.1047
0.1052
0.1056
0.1062
0.1066
0.1074
0.1076
0.1077
0.1088
0.1098
0.11
0.1108
0.1109
0.1117
0.1124
0.113
0.1131
0.1131
0.1133
0.1134
0.1136
0.1137
0.1141
0.1143
0.1145
0.1146
0.1157
0.1159
0.1167
0.1175
0.1188
0.1189
0.1197
0.1205
0.1206
0.1218
0.1231
0.1232
0.1237
0.1248
0.1255
0.1262
0.1267
0.1267
0.1273
0.1279
0.128
0.1283
0.1284
0.1289
0.1292
0.1298
0.1304
0.1305
0.1306
0.1306
0.131
0.1312
0.1314
0.1317
0.1318
0.1319
0.1328
0.1336
0.1339
0.1352
0.1353
0.1365
0.1389
0.1402
0.1428
0.1436
0.1448
0.1453
0.1457
0.1479
0.1489
0.1496
0.1515
0.1516
0.1517
0.1553
0.1555
0.1558
0.1559
0.1569
0.1571
0.1572
0.1589
0.1589
0.1595
0.1612
0.1629
0.1639
0.1642
0.1644
0.1645
0.1649
0.1665
0.1666
0.1669
0.1681
0.1682
0.1686
0.1697
0.1699
0.17
0.1716
0.1719
0.1723
0.1739
0.1747
0.1752
0.1765
0.1768
0.1777
0.1791
0.1799
0.1802
0.183
0.1836
0.1838
0.1868
0.187
0.1875
0.1893
0.1914
0.1932
0.1939
0.1948
0.1954
0.1961
0.198
0.2004
0.2008
0.2022
0.2063
0.2082
0.2084
0.2087
0.2087
0.2106
0.2112
0.2135
0.2154
0.219
0.2236
0.2276
0.2284
0.2284
0.2363
0.2364
0.2396
0.2413
0.2776
0.2832
0.2839
0.2867
0.3114
0.02398
0.02685
0.0311
0.03299
0.03649
0.03778
0.04209
0.04686
0.04711
0.05253
0.05375
0.05699
0.05858
0.06151
0.06214
0.06435
0.06583
0.06593
0.06862
0.07268
0.07293
0.07395
0.07486
0.0755
0.07671
0.07789
0.08169
0.08259
0.0839
0.08422
0.09061
0.09251
0.09271
0.09366
0.09388
0.09447
0.09483
0.09697
0.09789
0.09799
0.09847
0.09875
0.09901
0.09938
0.09954
0.1012
0.1043
0.1044
0.106
0.1063
0.1085
0.1086
0.109
0.1097
0.1105
0.1114
0.1115
0.1117
0.1126
0.1128
0.113
0.1145
0.1155
0.1161
0.117
0.118
0.1201
0.1204
0.1213
0.1218
0.1226
0.1235
0.1255
0.1266
0.1267
0.1272
0.1275
0.1293
0.1319
0.1323
0.1324
0.1348
0.1354
0.1355
0.1357
0.1367
0.1375
0.1379
0.1385
0.1411
0.1417
0.1425
0.144
0.1457
0.1478
0.149
0.1491
0.1498
0.1508
0.1519
0.1522
0.1523
0.1525
0.1527
0.1539
0.1554
0.1558
0.1569
0.1572
0.1594
0.1599
0.1637
0.1639
0.1641
0.1655
0.1657
0.1659
0.1664
0.1682
0.1683
0.1689
0.169
0.1692
0.1695
0.1696
0.1697
0.1698
0.17
0.1722
0.1727
0.1729
0.1751
0.1769
0.1784
0.1855
0.1856
0.1859
0.1863
0.191
0.1921
0.1937
0.1948
0.195
0.1954
0.1961
0.1974
0.198
0.1981
0.2013
0.203
0.2032
0.2049
0.2053
0.2071
0.2077
0.2107
0.2119
0.2133
0.2133
0.2135
0.2136
0.2138
0.2177
0.2188
0.2195
0.2197
0.2229
0.2236
0.2256
0.2273
0.2283
0.2308
0.231
0.2352
0.238
0.2414
0.2417
0.2439
0.2448
0.2448
0.2487
0.2508
0.2545
0.255
0.2565
0.2702
0.281
0.2871
0.2914
0.2979
0.3001
0.3076
0.3174
0.3176
0.3368
0.3523
0.3579
0.4268
0.02031
0.02307
0.02704
0.02739
0.02847
0.02876
0.02899
0.03263
0.03323
0.03334
0.03438
0.03515
0.03938
0.04079
0.04286
0.04335
0.04475
0.04562
0.04744
0.04989
0.05068
0.05069
0.05182
0.05189
0.05246
0.05252
0.05259
0.05271
0.05302
0.05364
0.05439
0.05596
0.05598
0.05598
0.05602
0.05613
0.05627
0.05627
0.05669
0.05736
0.05814
0.05839
0.05943
0.0598
0.05985
0.06018
0.0609
0.06158
0.06254
0.06367
0.06367
0.06403
0.06462
0.06463
0.065
0.06526
0.06527
0.06553
0.06576
0.06597
0.06606
0.06618
0.06637
0.06741
0.06759
0.06772
0.06861
0.06873
0.07055
0.0734
0.07364
0.07415
0.07493
0.07507
0.07593
0.07666
0.07726
0.07731
0.07752
0.07762
0.07785
0.07798
0.07944
0.0795
0.07953
0.08123
0.0818
0.08293
0.0834
0.08353
0.08377
0.08397
0.08399
0.08451
0.08481
0.08488
0.0852
0.08543
0.08591
0.08624
0.08632
0.08636
0.08646
0.08653
0.08665
0.08691
0.08705
0.08744
0.08751
0.08783
0.08811
0.08815
0.08824
0.0887
0.08878
0.08886
0.0891
0.08923
0.08941
0.08994
0.09029
0.09052
0.09063
0.0917
0.09176
0.09183
0.09194
0.09333
0.09353
0.09429
0.09431
0.09451
0.09465
0.09479
0.09601
0.09664
0.09702
0.09718
0.09756
0.09791
0.09934
0.09961
0.1002
0.1009
0.101
0.1015
0.1021
0.1028
0.1043
0.1043
0.1052
0.1054
0.1054
0.1062
0.1071
0.1088
0.109
0.1097
0.1103
0.1116
0.1121
0.1121
0.1144
0.1149
0.1155
0.1155
0.1194
0.1196
0.1203
0.1219
0.1237
0.1242
0.1242
0.1259
0.1265
0.128
0.1286
0.1318
0.1369
0.1377
0.1389
0.1401
0.141
0.1469
0.1471
0.1471
0.1474
0.1496
0.1501
0.1504
0.1522
0.1562
0.1594
0.162
0.1842
0.1878
0.1913
0.2012
0.1308
0.1424
0.1428
0.1433
0.1448
0.1467
0.1528
0.1538
0.1547
0.1554
0.1561
0.1565
0.1571
0.158
0.1585
0.1586
0.159
0.1591
0.1594
0.1598
0.16
0.1603
0.1616
0.1618
0.1618
0.1619
0.162
0.1621
0.1627
0.1634
0.1647
0.1662
0.1663
0.1669
0.1696
0.1697
0.1713
0.172
0.172
0.1721
0.1724
0.1726
0.1727
0.1727
0.1727
0.1728
0.173
0.1735
0.1737
0.1739
0.1746
0.1749
0.1752
0.1767
0.1769
0.1769
0.1776
0.1784
0.1791
0.1792
0.1793
0.1796
0.1797
0.1799
0.18
0.18
0.1801
0.1802
0.1807
0.1807
0.1809
0.1809
0.1813
0.1814
0.1823
0.1824
0.1832
0.1834
0.1842
0.1846
0.1847
0.1848
0.1852
0.1853
0.1855
0.1855
0.186
0.1861
0.1865
0.1867
0.1875
0.1876
0.1879
0.1884
0.1885
0.189
0.189
0.1893
0.1893
0.1894
0.1895
0.1895
0.1896
0.1902
0.1905
0.1907
0.1908
0.1909
0.1917
0.1924
0.1925
0.1926
0.1927
0.1928
0.1943
0.1943
0.1946
0.1948
0.1949
0.195
0.1953
0.1953
0.1956
0.1957
0.1966
0.1966
0.1971
0.1971
0.1974
0.1978
0.1981
0.1981
0.1989
0.1991
0.1992
0.1993
0.1995
0.1995
0.1995
0.1998
0.2027
0.2027
0.203
0.2063
0.2079
0.2082
0.2085
0.2091
0.2094
0.2096
0.2099
0.2106
0.2108
0.2116
0.212
0.2123
0.2128
0.2128
0.2129
0.2131
0.2149
0.2151
0.2157
0.216
0.2162
0.2164
0.2196
0.2196
0.22
0.2202
0.2235
0.2248
0.2249
0.2251
0.2252
0.2275
0.2301
0.2303
0.2307
0.231
0.2333
0.235
0.2356
0.2375
0.2375
0.2384
0.2395
0.2398
0.2419
0.2495
0.2521
0.2524
0.2569
0.2597
0.2616
0.2655
0.2678
0.304
0.05025
0.05044
0.05096
0.05175
0.05262
0.05278
0.05294
0.05313
0.05325
0.05338
0.05391
0.05392
0.05395
0.05407
0.05416
0.05417
0.05425
0.05443
0.05461
0.05464
0.05468
0.05478
0.05484
0.05504
0.05506
0.0551
0.05529
0.05533
0.05534
0.05549
0.05553
0.05557
0.05563
0.05572
0.0558
0.05581
0.05587
0.05592
0.05593
0.05613
0.05623
0.05626
0.05635
0.05641
0.05647
0.05648
0.05656
0.0566
0.05664
0.05671
0.05674
0.05684
0.0569
0.05697
0.05699
0.05715
0.05715
0.05731
0.05767
0.0577
0.0578
0.05822
0.05848
0.05863
0.05866
0.05883
0.05884
0.05891
0.05915
0.05916
0.05922
0.05941
0.05961
0.05966
0.05986
0.06
0.0601
0.0602
0.06035
0.06049
0.06053
0.06065
0.06069
0.06071
0.06077
0.06082
0.06082
0.06083
0.06105
0.06113
0.06115
0.06121
0.06125
0.0613
0.06132
0.0614
0.06147
0.06149
0.06166
0.06177
0.06188
0.06194
0.06194
0.06213
0.06216
0.0622
0.06222
0.06229
0.06232
0.06246
0.06248
0.06261
0.06277
0.06284
0.06287
0.06306
0.06308
0.06309
0.06317
0.06325
0.0633
0.06333
0.0634
0.06343
0.06382
0.06389
0.0639
0.06419
0.06433
0.06464
0.06466
0.06472
0.06487
0.06515
0.0654
0.06542
0.06544
0.06552
0.06554
0.06566
0.06578
0.0659
0.06606
0.06613
0.06625
0.0665
0.06654
0.0667
0.06672
0.06684
0.06697
0.06739
0.06752
0.06758
0.06768
0.06777
0.06782
0.06803
0.06864
0.0687
0.06877
0.06877
0.06879
0.06916
0.06924
0.06937
0.07032
0.07058
0.07069
0.07077
0.07083
0.07152
0.07164
0.07224
0.07237
0.07254
0.07292
0.07331
0.07356
0.07369
0.07371
0.07389
0.07398
0.07413
0.07421
0.07451
0.07469
0.07496
0.07542
0.07596
0.07603
0.07692
0.07799
0.07871
0.0795
0.08104
0.08243
0.09744
0.1938
0.2054
0.2059
0.2092
0.2114
0.213
0.2208
0.2298
0.2366
0.2367
0.2385
0.2419
0.2473
0.2545
0.2563
0.2577
0.2602
0.2711
0.2787
0.2796
0.286
0.286
0.2871
0.2873
0.2895
0.2958
0.2959
0.2976
0.2986
0.3061
0.3063
0.3093
0.3105
0.3147
0.3197
0.3223
0.3235
0.3292
0.3331
0.334
0.3405
0.3577
0.3699
0.37
0.3704
0.3708
0.3729
0.3795
0.386
0.3877
0.3897
0.3908
0.3977
0.4033
0.4041
0.4053
0.4157
0.4203
0.4207
0.4209
0.4212
0.4226
0.4236
0.425
0.4255
0.4266
0.4331
0.4332
0.4352
0.4357
0.4375
0.4388
0.439
0.4537
0.4564
0.4587
0.4615
0.4634
0.4674
0.4681
0.4697
0.4727
0.4751
0.4768
0.4825
0.4953
0.4956
0.497
0.5016
0.5058
0.5079
0.51
0.519
0.5204
0.524
0.5243
0.5285
0.5296
0.5299
0.5366
0.5449
0.55
0.5506
0.552
0.5539
0.5558
0.5648
0.5659
0.5692
0.5702
0.5781
0.5835
0.5854
0.5854
0.5904
0.5907
0.5925
0.5959
0.599
0.6003
0.6009
0.6052
0.6101
0.6107
0.6137
0.6142
0.6191
0.6226
0.6242
0.6249
0.6289
0.6298
0.631
0.6361
0.6422
0.645
0.6534
0.6592
0.6642
0.6643
0.6896
0.6917
0.7036
0.7049
0.7128
0.7275
0.7364
0.7392
0.7548
0.7569
0.7572
0.7655
0.7923
0.7937
0.8068
0.8113
0.8161
0.8191
0.8215
0.8309
0.8348
0.8361
0.8426
0.8529
0.8541
0.8842
0.9047
0.9289
0.9553
0.9622
0.9761
0.9811
0.9915
0.9948
1.008
1.009
1.046
1.051
1.058
1.072
1.083
1.085
1.095
1.111
1.167
1.172
1.176
1.214
1.223
1.292
1.296
1.347
1.37
1.374
1.463
1.509
1.73
1.819
0.3621
0.4489
0.4757
0.4956
0.5503
0.5679
0.5906
0.5914
0.6052
0.6062
0.6105
0.6123
0.6205
0.6342
0.6509
0.6575
0.6583
0.6633
0.679
0.6857
0.6863
0.6999
0.7052
0.7096
0.7383
0.7402
0.7629
0.7813
0.8098
0.8225
0.8249
0.8265
0.8339
0.8434
0.8469
0.8509
0.8535
0.8561
0.8561
0.8568
0.8733
0.8737
0.8937
0.9004
0.9017
0.9053
0.9168
0.9173
0.9197
0.9209
0.9225
0.9238
0.9245
0.9247
0.9349
0.9409
0.9489
0.9533
0.9622
0.9635
0.9644
0.976
0.9832
0.9849
0.9857
0.9988
1.001
1.001
1.002
1.012
1.019
1.023
1.026
1.027
1.03
1.033
1.033
1.041
1.045
1.048
1.049
1.059
1.069
1.072
1.073
1.073
1.075
1.077
1.078
1.127
1.14
1.147
1.148
1.15
1.15
1.152
1.156
1.158
1.161
1.176
1.178
1.186
1.187
1.189
1.193
1.194
1.198
1.199
1.199
1.205
1.213
1.214
1.216
1.232
1.235
1.24
1.256
1.259
1.26
1.265
1.268
1.278
1.281
1.283
1.288
1.305
1.318
1.321
1.324
1.332
1.342
1.352
1.361
1.375
1.377
1.38
1.386
1.391
1.398
1.4
1.408
1.416
1.425
1.426
1.428
1.433
1.452
1.458
1.465
1.47
1.481
1.506
1.528
1.53
1.56
1.562
1.581
1.599
1.617
1.627
1.627
1.633
1.666
1.667
1.679
1.717
1.743
1.802
1.809
1.824
1.839
1.845
1.849
1.851
1.874
1.89
1.892
1.93
1.931
1.961
2.105
2.11
2.112
2.129
2.183
2.188
2.25
2.284
2.312
2.403
2.454
2.463
2.595
2.708
2.836
2.91
3.12
3.503
1.153
1.334
1.344
1.446
1.457
1.534
1.545
1.572
1.602
1.719
1.775
1.817
1.822
1.897
1.903
1.921
1.933
1.957
1.971
1.974
2.039
2.097
2.11
2.112
2.153
2.183
2.188
2.189
2.193
2.252
2.257
2.278
2.281
2.362
2.376
2.406
2.406
2.41
2.427
2.45
2.464
2.466
2.546
2.547
2.563
2.587
2.63
2.642
2.657
2.735
2.765
2.765
2.797
2.805
2.819
2.844
2.873
2.879
2.903
2.914
2.916
2.922
2.927
2.937
2.974
2.989
2.999
3.002
3.008
3.008
3.032
3.043
3.061
3.07
3.142
3.157
3.195
3.218
3.27
3.283
3.357
3.384
3.39
3.425
3.445
3.475
3.477
3.498
3.528
3.534
3.564
3.591
3.592
3.598
3.631
3.654
3.705
3.706
3.767
3.767
3.797
3.827
3.833
3.853
3.854
3.856
3.868
3.909
3.928
3.972
3.999
4.012
4.013
4.037
4.061
4.066
4.119
4.129
4.138
4.158
4.174
4.206
4.218
4.243
4.293
4.303
4.321
4.334
4.369
4.414
4.493
4.493
4.533
4.542
4.603
4.655
4.667
4.722
4.792
4.794
4.837
4.851
4.895
4.906
4.972
5.095
5.173
5.203
5.216
5.353
5.357
5.373
5.383
5.438
5.455
5.459
5.54
5.632
5.639
5.801
5.801
5.82
6.076
6.146
6.378
6.436
6.462
6.487
6.92
7.05
7.128
7.158
7.164
7.222
7.237
7.247
7.276
7.382
7.561
7.673
7.749
7.804
7.87
8.077
8.308
8.419
8.589
8.758
8.83
8.867
9.142
9.424
9.807
9.938
9.939
10.12
11.56
13.28
13.99
14.49
16.97
18.52
18.85
19.42
19.53
19.87
20.04
20.53
21.05
22.18
22.65
22.69
22.95
23.02
23.35
23.94
24.25
24.32
24.72
24.91
25.13
25.2
25.79
26.12
26.44
26.85
27.23
28.09
28.92
29.03
29.91
30.45
30.85
31
31.33
31.72
31.98
32.52
32.55
32.61
33.01
33.12
33.37
33.63
34.44
34.66
35.03
35.24
35.74
35.77
36.01
36.46
36.58
38.49
39.05
40.09
40.51
40.98
41
41.18
43.4
43.45
43.5
43.65
43.68
43.95
44.41
44.64
44.91
45.19
45.38
45.4
45.42
45.81
47.14
48.23
48.55
48.9
49
49.11
49.7
49.81
50.96
51.14
51.22
52.27
52.34
52.49
52.6
52.6
52.72
54.04
54.16
54.18
54.22
56.18
58.38
58.53
58.63
59.46
59.7
60.41
60.78
61.1
61.18
61.21
63.02
63.33
63.37
63.91
66.13
67.1
67.34
67.36
67.66
67.74
67.78
68.17
69.06
69.47
69.65
70.01
70.1
71
71.55
71.56
72.44
74.08
74.85
75.09
75.93
76.08
76.81
77.02
80.99
81.23
81.46
81.89
82.15
83.16
87.17
88.25
89.74
90.08
90.47
90.94
92.99
93.54
93.91
93.99
94.44
95.77
97.07
97.85
99.04
101.9
102.5
102.6
103.6
103.9
104.9
104.9
105.2
106
106.4
109.9
111.4
115.5
115.8
116.7
118.8
121.9
123.9
124.4
128.7
130.2
130.8
133
138.5
139.9
142.5
153.1
153.4
155.8
156.8
158.7
164.1
167.9
168.8
176.5
192.4
199.7
233
233.7
253.8
316
0.002667
0.002826
0.002866
0.002889
0.00328
0.00329
0.00335
0.003659
0.003676
0.003703
0.003978
0.004024
0.004029
0.00403
0.004044
0.004057
0.004117
0.004185
0.004253
0.004422
0.004428
0.004433
0.004452
0.004493
0.004508
0.004536
0.00454
0.004551
0.004563
0.004625
0.004626
0.004631
0.004649
0.004675
0.004714
0.004717
0.004728
0.004733
0.00475
0.004756
0.004757
0.004821
0.00486
0.004877
0.00491
0.004934
0.004952
0.004957
0.004989
0.004996
0.005015
0.00502
0.005033
0.005043
0.005072
0.005089
0.005137
0.005164
0.005199
0.005215
0.005233
0.005288
0.005314
0.005345
0.005367
0.005393
0.005427
0.005444
0.005467
0.005472
0.005485
0.005524
0.005532
0.005539
0.005551
0.005596
0.005607
0.005609
0.005627
0.005687
0.005718
0.005731
0.005734
0.005769
0.005771
0.005776
0.00582
0.005878
0.005903
0.005957
0.00596
0.006003
0.006048
0.006056
0.006123
0.006133
0.006167
0.006176
0.006178
0.006208
0.006211
0.006292
0.006294
0.006351
0.006356
0.006369
0.006399
0.006399
0.006428
0.006455
0.006458
0.006518
0.006532
0.006548
0.006666
0.006697
0.006703
0.006717
0.006766
0.00677
0.006789
0.006804
0.006831
0.006831
0.006852
0.006883
0.00689
0.006983
0.006985
0.007026
0.007149
0.007162
0.007231
0.007254
0.007286
0.007392
0.007405
0.007494
0.007499
0.007545
0.007548
0.007661
0.007767
0.007775
0.007781
0.0078
0.007964
0.00797
0.007974
0.007997
0.008005
0.008029
0.008064
0.008074
0.008081
0.008102
0.008109
0.008198
0.008231
0.008268
0.008312
0.008439
0.008461
0.008699
0.008771
0.008805
0.008824
0.008978
0.009003
0.009037
0.009087
0.009098
0.00911
0.009197
0.00925
0.009327
0.009329
0.009331
0.009407
0.009538
0.00968
0.009769
0.01
0.01015
0.0103
0.01052
0.01061
0.01075
0.01088
0.01101
0.01124
0.01149
0.0119
0.01236
0.0138
0.0142
0.02333
0.03113
0.007347
0.008422
0.009105
0.009181
0.009269
0.009586
0.01005
0.0103
0.01059
0.01063
0.01094
0.01102
0.01162
0.01169
0.01202
0.01206
0.01259
0.01279
0.01312
0.01376
0.01384
0.01395
0.01421
0.01427
0.01446
0.01478
0.01503
0.01527
0.01556
0.0156
0.01578
0.01597
0.01621
0.0163
0.01659
0.01742
0.01764
0.01791
0.01797
0.018
0.01844
0.01877
0.01882
0.01895
0.01906
0.01919
0.01929
0.01938
0.01952
0.01971
0.02008
0.02015
0.02062
0.02065
0.02075
0.02083
0.02088
0.02089
0.02101
0.02121
0.02147
0.02239
0.02263
0.02277
0.02303
0.02306
0.0231
0.0231
0.02321
0.02336
0.02354
0.02395
0.02423
0.02431
0.02431
0.02448
0.02449
0.02461
0.0247
0.02474
0.02499
0.025
0.02501
0.02513
0.02537
0.02544
0.02556
0.02563
0.02631
0.02644
0.02648
0.02679
0.02679
0.027
0.02715
0.02722
0.02731
0.02772
0.02785
0.02791
0.02804
0.02821
0.02827
0.02833
0.02833
0.02855
0.02863
0.02868
0.02891
0.02895
0.02912
0.02987
0.02995
0.03029
0.03033
0.03055
0.03057
0.03082
0.03082
0.03085
0.03108
0.03126
0.03164
0.03169
0.03179
0.03203
0.03212
0.03214
0.03241
0.03252
0.03318
0.03348
0.03368
0.03397
0.03414
0.03438
0.03449
0.0348
0.03481
0.03502
0.03541
0.03633
0.03698
0.0371
0.03715
0.03726
0.03731
0.03799
0.03845
0.03856
0.03858
0.03889
0.03897
0.03976
0.03994
0.04061
0.04088
0.04097
0.04109
0.04185
0.0424
0.04243
0.04272
0.04308
0.0431
0.04549
0.04553
0.04575
0.04588
0.04674
0.04732
0.04759
0.04765
0.04768
0.04844
0.04904
0.0494
0.04954
0.0496
0.05121
0.05122
0.05328
0.0547
0.05616
0.05912
0.05981
0.05995
0.0605
0.06559
0.06696
0.07025
0.07056
0.07217
0.07458
0.08555
0.09806
0.1006
0.1354
0.01094
0.01101
0.01272
0.01311
0.0139
0.01412
0.01423
0.01452
0.01603
0.01622
0.01715
0.0172
0.01759
0.01774
0.01818
0.01893
0.01954
0.01998
0.02
0.02039
0.02044
0.02048
0.02117
0.02134
0.02143
0.02151
0.02185
0.02185
0.02219
0.02222
0.02291
0.02315
0.02332
0.02332
0.02353
0.02372
0.02375
0.02408
0.02433
0.02488
0.02489
0.02509
0.02572
0.02595
0.02602
0.02626
0.02645
0.02664
0.02664
0.02681
0.02681
0.02706
0.02741
0.02749
0.02791
0.02822
0.02834
0.02836
0.02867
0.02889
0.02905
0.02913
0.02945
0.02967
0.02973
0.02975
0.03011
0.03049
0.03052
0.03055
0.03067
0.03108
0.03109
0.03112
0.03119
0.03155
0.03185
0.03188
0.0319
0.03225
0.03233
0.03248
0.03254
0.033
0.03321
0.03342
0.03387
0.03389
0.03407
0.03446
0.03457
0.03476
0.03497
0.03553
0.03571
0.03576
0.03576
0.03582
0.03688
0.03694
0.03695
0.03697
0.03732
0.03737
0.03763
0.03863
0.03871
0.03872
0.03872
0.03909
0.03914
0.03915
0.0395
0.03957
0.03988
0.04003
0.04029
0.0404
0.04062
0.04066
0.04087
0.0416
0.04205
0.04252
0.04256
0.04266
0.04279
0.04284
0.04303
0.04345
0.04385
0.04435
0.04493
0.04497
0.04502
0.04561
0.04588
0.04598
0.04638
0.04649
0.04665
0.04683
0.04718
0.0473
0.04741
0.04755
0.04815
0.04867
0.04907
0.04912
0.04942
0.04948
0.04983
0.05042
0.05051
0.05081
0.05166
0.05198
0.05206
0.05321
0.05373
0.05473
0.05546
0.05551
0.05554
0.05638
0.05661
0.05688
0.05904
0.05917
0.0595
0.05962
0.05986
0.06019
0.06039
0.06329
0.06446
0.06577
0.06591
0.06688
0.06789
0.06899
0.07359
0.07453
0.07469
0.07649
0.07743
0.07845
0.08079
0.08232
0.08624
0.08958
0.09723
0.09953
0.1015
0.1166
0.1278
0.1438
0.005174
0.005297
0.006009
0.006719
0.006853
0.006881
0.007299
0.007303
0.007591
0.007723
0.008185
0.00826
0.008301
0.008522
0.00892
0.009067
0.009087
0.009206
0.009222
0.009231
0.00928
0.009423
0.009443
0.00956
0.009567
0.009643
0.009714
0.009753
0.009767
0.009854
0.009863
0.009875
0.01022
0.01037
0.01038
0.01043
0.01044
0.01046
0.01078
0.01079
0.01083
0.0109
0.01091
0.01109
0.0111
0.01112
0.01117
0.01127
0.0113
0.01142
0.01143
0.01161
0.01167
0.01176
0.01178
0.01184
0.01184
0.01195
0.01209
0.01215
0.01221
0.01226
0.01232
0.01241
0.01247
0.01262
0.01262
0.01267
0.01271
0.01272
0.01282
0.01286
0.01288
0.0129
0.0129
0.01291
0.01293
0.01297
0.01301
0.01303
0.01319
0.0132
0.01321
0.01332
0.01339
0.01342
0.01344
0.01352
0.01354
0.01357
0.01361
0.01369
0.01374
0.01384
0.01388
0.0139
0.01392
0.01392
0.01411
0.01424
0.01432
0.01432
0.01435
0.01448
0.01461
0.01466
0.01471
0.01479
0.0148
0.01494
0.01499
0.01499
0.01499
0.01508
0.01508
0.01519
0.01538
0.01547
0.01557
0.01559
0.01561
0.01567
0.01573
0.01576
0.01585
0.01587
0.01587
0.01597
0.01597
0.01598
0.01601
0.01604
0.01608
0.01616
0.01623
0.01627
0.01648
0.01666
0.01678
0.01695
0.01712
0.01714
0.01716
0.01733
0.01742
0.01744
0.01746
0.01756
0.0177
0.01772
0.01805
0.01806
0.01816
0.01822
0.01834
0.01841
0.01843
0.01843
0.01848
0.01851
0.01867
0.01883
0.01885
0.0191
0.01911
0.01917
0.01936
0.01992
0.01999
0.02036
0.02041
0.0205
0.0206
0.02127
0.02139
0.02149
0.02215
0.02226
0.02232
0.02252
0.02283
0.02311
0.02349
0.02372
0.02397
0.02454
0.02465
0.02536
0.02539
0.02624
0.02638
0.02737
0.02785
0.02801
0.03024
0.03441
0.0366
0.03927
0.007882
0.009783
0.009947
0.01013
0.01029
0.01051
0.01057
0.01069
0.01083
0.01095
0.01113
0.01114
0.01117
0.01144
0.01152
0.01172
0.01177
0.0122
0.01223
0.01226
0.01237
0.01275
0.01276
0.01282
0.01295
0.01298
0.01318
0.01327
0.01332
0.01357
0.01365
0.01367
0.01377
0.01378
0.0138
0.01388
0.01394
0.0141
0.01411
0.01414
0.01415
0.01419
0.01435
0.01445
0.01454
0.0146
0.01462
0.01468
0.01477
0.01479
0.01481
0.01486
0.01495
0.01498
0.01518
0.0152
0.01522
0.01523
0.01527
0.01535
0.01536
0.01537
0.01538
0.01543
0.01547
0.01547
0.01559
0.01575
0.01575
0.01578
0.0159
0.01594
0.01602
0.01615
0.01617
0.01635
0.01641
0.01647
0.01673
0.01673
0.0168
0.01686
0.01689
0.01694
0.017
0.01703
0.01703
0.01717
0.01719
0.01728
0.01738
0.0174
0.01743
0.01756
0.01768
0.01774
0.01778
0.01783
0.01789
0.01792
0.01797
0.01798
0.01817
0.01829
0.01837
0.01852
0.01857
0.01875
0.01878
0.01879
0.01884
0.01884
0.01897
0.01898
0.019
0.019
0.01923
0.01924
0.01925
0.01936
0.01939
0.01956
0.01957
0.01961
0.01998
0.02008
0.02018
0.02028
0.0203
0.02045
0.02045
0.02057
0.02062
0.02091
0.02102
0.02105
0.0212
0.02122
0.02137
0.02143
0.02168
0.02175
0.02175
0.0218
0.02186
0.02193
0.02266
0.02273
0.02293
0.02308
0.02335
0.02337
0.02346
0.02383
0.02385
0.02428
0.02434
0.02451
0.02486
0.02539
0.02545
0.02609
0.02689
0.02719
0.02734
0.02736
0.02747
0.02759
0.02768
0.02768
0.02773
0.02789
0.02897
0.02899
0.02958
0.02981
0.03003
0.03056
0.03094
0.03151
0.03172
0.03187
0.03215
0.03414
0.03672
0.0371
0.03756
0.03763
0.04499
0.04547
0.05014
0.05113
0.05168
0.05333
0.05543
0.05628
0.05963
0.06041
0.001087
0.001286
0.00131
0.001345
0.001377
0.001526
0.001575
0.001589
0.001629
0.0017
0.001711
0.001718
0.00172
0.00175
0.001754
0.001807
0.001868
0.001892
0.001897
0.001902
0.001906
0.001925
0.001976
0.001987
0.002027
0.002085
0.002098
0.002205
0.002252
0.002256
0.002299
0.002336
0.002362
0.002373
0.002403
0.00243
0.002436
0.002451
0.002498
0.00255
0.002556
0.002575
0.002608
0.002629
0.002665
0.002668
0.002686
0.002695
0.002725
0.002747
0.002751
0.002758
0.002759
0.002789
0.002801
0.002806
0.002846
0.002871
0.002881
0.002887
0.002887
0.002967
0.003002
0.00304
0.003042
0.003042
0.003053
0.003118
0.00313
0.003168
0.003187
0.003211
0.003224
0.003224
0.003273
0.003287
0.003288
0.003317
0.003318
0.003336
0.003345
0.003359
0.003385
0.003391
0.003397
0.003434
0.003446
0.003462
0.003493
0.003495
0.00352
0.003535
0.003601
0.003606
0.003626
0.003643
0.0037
0.003708
0.003711
0.003727
0.003733
0.003739
0.00374
0.003742
0.003749
0.003785
0.003796
0.003817
0.003854
0.003856
0.003858
0.003884
0.003892
0.003896
0.003898
0.003922
0.003926
0.003949
0.003979
0.003996
0.004005
0.004022
0.004028
0.004045
0.004069
0.004081
0.004108
0.004116
0.004142
0.004144
0.004168
0.004217
0.004239
0.004286
0.004305
0.004306
0.004312
0.004359
0.004394
0.004435
0.004445
0.004452
0.004493
0.004506
0.004515
0.00456
0.00457
0.004614
0.004635
0.004636
0.00476
0.004768
0.004787
0.004867
0.004968
0.005039
0.005114
0.005115
0.005195
0.005252
0.005255
0.005295
0.005366
0.005412
0.005466
0.005548
0.005617
0.005663
0.005667
0.005672
0.005693
0.005815
0.005838
0.005928
0.005984
0.006
0.006042
0.006113
0.006142
0.006193
0.006213
0.00624
0.006299
0.006355
0.006995
0.007098
0.00733
0.007444
0.007503
0.007646
0.00866
0.009208
0.009875
0.01008
0.01039
0.0113
0.01172
0.01256
12.84
13.24
13.36
13.74
14.49
14.91
14.95
14.99
15.09
15.2
15.33
15.49
15.51
15.51
15.53
15.65
15.67
15.74
15.75
15.79
15.89
15.93
16.01
16.08
16.23
16.31
16.33
16.39
16.39
16.57
16.67
16.82
16.84
16.86
17.04
17.05
17.06
17.09
17.11
17.26
17.31
17.34
17.36
17.37
17.38
17.39
17.46
17.52
17.58
17.62
17.67
17.73
17.77
17.8
17.87
17.91
17.98
18.07
18.07
18.1
18.16
18.23
18.33
18.47
18.49
18.51
18.55
18.55
18.79
18.81
18.88
18.98
19.07
19.18
19.19
19.2
19.28
19.47
19.59
19.74
19.85
19.85
19.92
20.01
20.01
20.03
20.05
20.05
20.11
20.19
20.21
20.27
20.33
20.36
20.38
20.38
20.39
20.42
20.47
20.58
20.76
20.82
20.88
20.92
20.96
20.99
21.05
21.08
21.31
21.31
21.44
21.53
21.53
21.57
21.58
21.63
21.65
21.75
21.77
21.84
21.86
21.88
22.03
22.25
22.25
22.25
22.32
22.51
22.51
22.54
22.57
22.61
22.63
22.66
22.75
22.75
22.75
22.82
23.06
23.17
23.32
23.33
23.36
23.39
23.68
23.69
23.72
23.73
23.73
23.86
23.87
23.96
23.99
24.09
24.15
24.19
24.22
24.29
24.31
24.33
24.47
24.54
24.67
24.9
25.05
25.12
25.24
25.3
25.37
25.38
25.45
25.68
25.7
25.73
25.93
26.02
26.14
26.23
26.46
26.51
26.68
26.73
27.53
27.66
27.9
28.01
28.19
28.34
28.39
29.17
29.27
29.92
30.67
31.01
32.49
33.12
33.13
35.13
16.67
17.04
17.21
17.33
19.08
19.08
19.52
20.24
20.37
20.86
20.98
21.32
21.4
21.43
22.02
22.07
22.4
22.43
22.52
22.66
22.88
23.03
23.05
23.17
23.36
23.39
23.58
23.99
24.17
24.23
24.57
24.81
24.89
24.9
25
25.07
25.09
25.09
25.11
25.2
25.23
25.27
25.41
25.45
25.73
25.78
25.8
26.02
26.06
26.2
26.24
26.3
26.36
26.37
26.38
26.39
26.4
26.5
26.56
26.7
26.93
26.93
27.24
27.26
27.26
27.28
27.37
27.44
27.65
27.66
27.78
27.83
27.95
27.98
28
28.03
28.06
28.07
28.07
28.12
28.14
28.14
28.18
28.22
28.43
28.64
28.74
28.87
29.02
29.33
29.41
29.43
29.43
29.51
29.87
29.87
29.89
30
30.12
30.15
30.25
30.36
30.38
30.39
30.44
30.44
30.5
30.53
30.7
30.73
30.73
30.76
30.8
30.86
30.88
30.9
30.93
30.96
31.48
31.56
31.64
31.67
31.68
31.69
31.71
31.86
31.95
31.96
31.97
32.06
32.07
32.09
32.23
32.51
32.68
32.72
32.82
32.82
32.85
32.94
33.15
33.17
33.21
33.22
33.37
33.39
33.47
33.48
33.58
33.64
33.81
33.82
33.88
34.01
34.07
34.12
34.37
34.51
34.66
34.69
34.85
34.92
35.09
35.34
35.37
35.4
35.46
35.59
35.9
36.27
36.33
36.66
36.71
36.88
36.91
37.08
37.13
37.18
37.38
38.25
38.4
38.54
38.93
39.16
39.34
40.14
40.68
41.05
41.48
41.66
41.85
42.79
44.46
44.6
44.87
45.41
47.16
49.54
85.1
87.22
91.76
91.93
92.04
95.54
96.75
97.65
98.87
101.2
101.7
102.2
102.5
102.8
104.4
105.3
105.5
106
106.2
106.4
106.4
107.3
107.3
107.7
108.1
109.5
110.1
110.3
110.6
111.6
111.6
111.7
111.8
112
112.6
113.1
113.8
113.8
113.9
114.6
115
115.7
115.9
116.2
116.6
117.2
117.7
117.7
117.7
117.9
118.6
119.1
119.4
119.4
119.8
120.4
121.2
121.4
122.1
122.4
123.4
123.5
123.8
124
124.1
125
125.1
126.3
126.7
126.8
126.9
127.1
127.3
128
128.5
128.7
128.8
128.9
129
129.2
129.3
129.7
129.8
130
130.3
130.7
130.9
132.5
132.7
132.8
132.9
133.3
133.5
133.5
134.9
135.1
135.2
136.1
136.5
136.5
136.8
137.9
138.1
139.2
139.7
139.8
139.9
140.5
140.9
140.9
141.2
141.3
142
142.2
142.6
143.2
143.4
143.6
143.7
144.9
145.1
145.3
145.4
145.4
146
146.4
147.5
148.2
148.7
149.3
149.4
150.2
150.3
150.6
151.6
152.2
152.4
152.6
153.4
153.9
155
155.1
157.1
157.6
157.6
158.8
159.1
159.8
159.9
160
160.5
161
161.1
161.2
161.2
161.4
162.1
162.3
162.7
163.1
163.2
165.5
166.1
166.4
166.8
168.2
170.1
170.3
171.1
171.1
171.5
171.6
172
174.9
176.5
177
177
177.4
178.6
179.1
180.2
180.9
184.2
184.6
184.8
188
194.5
195
195.9
197.8
198.3
202.4
205.7
206
214
220.8
229.3
232.2
508.1
514
553.6
567.7
591.7
653.6
694.6
698.8
706
711.4
712.2
730.6
733.2
739.3
740.4
740.7
750.1
758.2
759.4
762.4
768.9
784.7
787.9
788
799.6
806.9
811.3
812.4
814.8
826
826.4
827.2
869.3
876.5
888.3
888.7
896.9
897
905.4
907.2
909.4
915
915.3
921.4
925.1
928.8
929
931.4
939.7
943.2
959.5
967
971.4
973.1
980.9
985.5
988.6
989.5
993.6
1021
1025
1027
1030
1031
1035
1044
1050
1066
1084
1085
1095
1102
1121
1124
1138
1150
1153
1175
1189
1213
1214
1214
1222
1225
1226
1227
1229
1233
1251
1260
1261
1261
1269
1269
1272
1284
1286
1292
1295
1295
1298
1299
1302
1313
1315
1320
1328
1344
1349
1362
1403
1408
1410
1417
1421
1426
1436
1436
1437
1437
1461
1479
1483
1485
1493
1508
1538
1540
1549
1558
1565
1567
1575
1589
1593
1600
1603
1603
1623
1633
1646
1651
1657
1659
1671
1681
1688
1689
1696
1724
1725
1731
1740
1748
1760
1780
1813
1816
1819
1844
1872
1873
1902
1926
1938
1946
1949
1951
1972
1986
2009
2019
2022
2027
2053
2073
2081
2089
2145
2196
2213
2215
2227
2232
2375
2384
2403
2477
2481
2615
2642
2690
2906
2944
3216
3234
3432
3903
0.08191
0.09273
0.09387
0.1009
0.1021
0.1054
0.1072
0.1084
0.1094
0.1097
0.1131
0.1134
0.1137
0.1139
0.1144
0.1148
0.1154
0.1166
0.1168
0.1168
0.1181
0.1182
0.1188
0.1194
0.1195
0.1197
0.1207
0.1218
0.1223
0.1225
0.1228
0.1234
0.1243
0.1246
0.1247
0.1247
0.1251
0.1251
0.1255
0.1261
0.1263
0.1269
0.1272
0.1272
0.1275
0.1278
0.1281
0.1287
0.1289
0.1293
0.1294
0.1301
0.1309
0.1309
0.1312
0.1314
0.1315
0.1316
0.1322
0.1327
0.133
0.133
0.1338
0.134
0.1342
0.1347
0.1353
0.1365
0.1365
0.1368
0.1368
0.1373
0.1374
0.1377
0.1385
0.1385
0.1386
0.1389
0.139
0.139
0.1392
0.1395
0.1396
0.1401
0.1401
0.1401
0.1401
0.1407
0.1408
0.141
0.1411
0.1411
0.1411
0.1412
0.1414
0.1416
0.1417
0.1417
0.1418
0.1419
0.1431
0.1432
0.1434
0.1436
0.1438
0.1446
0.1446
0.1449
0.146
0.1463
0.1464
0.1464
0.1464
0.1464
0.1467
0.1472
0.1481
0.1481
0.1482
0.1491
0.1491
0.1492
0.1495
0.1497
0.1498
0.1498
0.1501
0.1502
0.1503
0.1503
0.1504
0.1509
0.1512
0.1514
0.1515
0.1517
0.1521
0.1522
0.1525
0.1528
0.153
0.153
0.1531
0.1533
0.1534
0.1536
0.1543
0.1545
0.155
0.1551
0.1552
0.1554
0.1558
0.1559
0.156
0.1562
0.1563
0.1585
0.159
0.1592
0.161
0.1613
0.1622
0.1624
0.1634
0.1637
0.164
0.1641
0.1648
0.1654
0.166
0.1665
0.1678
0.1679
0.1696
0.1703
0.1703
0.1706
0.1732
0.1737
0.1765
0.1777
0.1782
0.1785
0.1786
0.1789
0.1794
0.1805
0.1851
0.1853
0.1855
0.1862
0.1878
0.1883
0.1909
0.2098
0.2184
0.2226
0.05131
0.07974
0.09745
0.09866
0.1202
0.1259
0.1279
0.1319
0.1358
0.1523
0.1537
0.1546
0.1551
0.1572
0.1581
0.1772
0.1793
0.1806
0.1807
0.1845
0.1871
0.1873
0.1922
0.1924
0.1926
0.2043
0.205
0.2053
0.2057
0.2088
0.2101
0.2113
0.2117
0.2119
0.2164
0.2236
0.2264
0.2291
0.2327
0.2352
0.2356
0.2362
0.2368
0.2376
0.2397
0.2405
0.2414
0.2445
0.2472
0.2486
0.249
0.2513
0.2536
0.2567
0.258
0.26
0.2606
0.264
0.2644
0.2666
0.2678
0.2698
0.2761
0.2763
0.2808
0.2812
0.2817
0.2867
0.2895
0.292
0.2942
0.2945
0.2947
0.2968
0.3026
0.3055
0.3055
0.3089
0.3094
0.3101
0.3122
0.3161
0.3235
0.3262
0.3299
0.3309
0.3331
0.3371
0.3391
0.3391
0.3416
0.3416
0.3449
0.3449
0.3456
0.3458
0.3463
0.3498
0.3511
0.3515
0.3535
0.3542
0.3547
0.3559
0.3568
0.3578
0.3583
0.3583
0.3597
0.3682
0.3724
0.3725
0.3735
0.3735
0.3762
0.3832
0.3835
0.3841
0.3846
0.3861
0.3885
0.3904
0.3934
0.3935
0.3949
0.3966
0.3993
0.4002
0.4034
0.4056
0.4059
0.4061
0.4072
0.4092
0.4097
0.4099
0.4107
0.4116
0.4122
0.4126
0.4166
0.4167
0.4186
0.4188
0.4196
0.4203
0.4225
0.4233
0.4238
0.4244
0.429
0.437
0.4379
0.4462
0.448
0.4492
0.4503
0.4648
0.4706
0.4706
0.4725
0.4785
0.4827
0.4925
0.4967
0.5046
0.509
0.5127
0.513
0.5172
0.5209
0.5329
0.5343
0.5352
0.5401
0.5564
0.5601
0.5609
0.5717
0.5775
0.5804
0.5937
0.5954
0.611
0.6247
0.6461
0.6577
0.659
0.6643
0.6656
0.7394
0.7444
0.7584
0.7917
0.8663
0.9327
0.9379
1.058
0.02398
0.0612
0.08201
0.1056
0.1263
0.1459
0.1547
0.1677
0.208
0.2085
0.2141
0.2177
0.2249
0.226
0.2298
0.2318
0.2322
0.2385
0.2432
0.2436
0.2477
0.2487
0.2489
0.2544
0.2606
0.2644
0.2675
0.2678
0.2702
0.2712
0.2753
0.2779
0.2802
0.2803
0.2866
0.2901
0.2902
0.2914
0.2917
0.2975
0.299
0.2992
0.3024
0.3124
0.314
0.3155
0.3194
0.3207
0.3209
0.3215
0.3241
0.327
0.3272
0.3301
0.3327
0.3355
0.3378
0.3381
0.3403
0.3409
0.3414
0.3442
0.3446
0.3455
0.3458
0.3508
0.3533
0.3538
0.355
0.3583
0.3587
0.3597
0.3607
0.3617
0.363
0.3641
0.3664
0.3703
0.3728
0.3744
0.3757
0.3759
0.3788
0.3809
0.3829
0.3853
0.3853
0.3865
0.3879
0.3889
0.3912
0.392
0.3931
0.3948
0.3965
0.3977
0.3995
0.4
0.4023
0.4024
0.4029
0.4069
0.4106
0.4107
0.4146
0.4159
0.4185
0.4211
0.4251
0.429
0.4317
0.4399
0.4425
0.4429
0.4494
0.4504
0.4509
0.4589
0.4634
0.4636
0.4645
0.4646
0.4658
0.4695
0.4704
0.4734
0.4741
0.4756
0.4784
0.4819
0.4932
0.4937
0.4967
0.5006
0.5018
0.5026
0.503
0.5036
0.5165
0.5179
0.5186
0.5203
0.5274
0.5308
0.534
0.5344
0.539
0.5409
0.5411
0.5539
0.5588
0.5655
0.5673
0.5703
0.5754
0.5803
0.5807
0.5819
0.582
0.583
0.5842
0.5897
0.5911
0.5936
0.5978
0.5999
0.6091
0.6118
0.6121
0.6181
0.6282
0.6305
0.6335
0.6376
0.6399
0.6439
0.6451
0.6566
0.6599
0.678
0.681
0.6841
0.6869
0.6872
0.6922
0.6956
0.7026
0.7053
0.7119
0.7242
0.7345
0.7356
0.7892
0.8402
0.8488
0.8774
1.105
1.17
0.02899
0.06575
0.0716
0.08222
0.08568
0.08737
0.09331
0.09378
0.0952
0.09975
0.1099
0.1112
0.1114
0.1116
0.1119
0.112
0.1136
0.116
0.117
0.1185
0.1216
0.1218
0.1226
0.1234
0.1252
0.1259
0.1273
0.1286
0.1312
0.1317
0.1333
0.1359
0.1372
0.1374
0.1383
0.1418
0.1424
0.1425
0.1447
0.1456
0.1459
0.1466
0.1474
0.1489
0.149
0.1492
0.151
0.1515
0.1521
0.1526
0.1528
0.153
0.1535
0.1541
0.1546
0.1549
0.1555
0.1556
0.1563
0.1564
0.1565
0.1571
0.1583
0.1607
0.1609
0.1613
0.1614
0.1625
0.1625
0.1628
0.1638
0.1638
0.1654
0.1659
0.1663
0.1667
0.1673
0.1674
0.1679
0.1689
0.1697
0.1708
0.1708
0.1709
0.1712
0.1716
0.1727
0.1732
0.1732
0.1739
0.1753
0.1765
0.1772
0.1772
0.1775
0.1776
0.1785
0.1785
0.179
0.1795
0.181
0.1813
0.182
0.1825
0.1827
0.1827
0.1827
0.1832
0.1834
0.1838
0.184
0.1841
0.1841
0.1843
0.1847
0.1857
0.1864
0.1865
0.1872
0.1881
0.1886
0.1899
0.1922
0.1923
0.1925
0.1941
0.1943
0.197
0.1974
0.1974
0.1977
0.198
0.1984
0.1986
0.1996
0.1999
0.2009
0.2013
0.2014
0.2024
0.2027
0.2032
0.2034
0.2048
0.206
0.206
0.2063
0.2066
0.2073
0.2088
0.2089
0.2091
0.2095
0.2099
0.211
0.2112
0.2113
0.2115
0.2134
0.2135
0.2135
0.2152
0.2163
0.2173
0.22
0.221
0.2215
0.2216
0.2229
0.2247
0.2248
0.2255
0.2258
0.228
0.2346
0.2356
0.2378
0.2393
0.2422
0.2422
0.2432
0.2462
0.2475
0.2493
0.2524
0.2542
0.2543
0.255
0.2575
0.2593
0.2603
0.2654
0.2685
0.2688
0.2701
0.2733
0.2756
0.2903
0.1565
0.1603
0.1978
0.206
0.2061
0.2147
0.218
0.2218
0.2245
0.2268
0.2282
0.2293
0.2301
0.2311
0.2336
0.2341
0.2364
0.2382
0.2404
0.2437
0.2463
0.2477
0.248
0.25
0.2504
0.251
0.2549
0.2572
0.2576
0.2589
0.2593
0.2609
0.2609
0.2623
0.2643
0.2652
0.2654
0.2655
0.2675
0.2677
0.2683
0.2689
0.2713
0.2718
0.2726
0.2729
0.2739
0.2741
0.2746
0.2756
0.277
0.2774
0.2784
0.2792
0.2805
0.2807
0.2809
0.2809
0.281
0.2812
0.2818
0.2822
0.2829
0.2832
0.2833
0.2834
0.2841
0.2842
0.2844
0.2847
0.2853
0.2856
0.2868
0.2884
0.2894
0.2914
0.292
0.2929
0.2948
0.2964
0.2964
0.2968
0.2972
0.2994
0.3
0.3003
0.3007
0.3013
0.3029
0.3032
0.3035
0.3055
0.306
0.3067
0.3068
0.307
0.3074
0.308
0.3103
0.3103
0.3109
0.3138
0.3147
0.3151
0.3157
0.3175
0.3179
0.3193
0.3196
0.3198
0.3206
0.3215
0.3216
0.3216
0.3222
0.3233
0.3251
0.3258
0.3258
0.3261
0.3266
0.3271
0.3274
0.3277
0.3292
0.3294
0.3305
0.3313
0.3318
0.3321
0.3362
0.3371
0.3379
0.3383
0.34
0.3407
0.3414
0.3415
0.3437
0.3479
0.348
0.3484
0.3485
0.3512
0.353
0.3537
0.3584
0.3585
0.3589
0.3591
0.3613
0.363
0.3643
0.3651
0.3672
0.3679
0.369
0.3693
0.3698
0.3706
0.3739
0.3778
0.3792
0.3799
0.3828
0.39
0.3941
0.3983
0.4027
0.4045
0.4054
0.4066
0.4089
0.4098
0.4154
0.4218
0.4245
0.4264
0.427
0.4334
0.4366
0.4378
0.4416
0.4432
0.4601
0.4667
0.467
0.4677
0.4714
0.4724
0.4753
0.4761
0.4863
0.4882
0.5166
0.5558
0.5774
0.6638
