0.241935
0.483871
0.927419
0.983871
0.209677
0.612903
0.475806
0.612903
0.951613
0.604839
0.983871
1
0.935484
0.282258
0.983871
0.0725806
0.153226
0.0725806
0.766129
0.927419
0.822581
0.120968
0.41129
0.75
0.927419
0.693548
0.419355
0.870968
0.0887097
0.241935
0.572581
0.604839
0.266129
0.790323
0.0645161
0.91129
0.604839
0.0564516
0.887097
0.379032
0.0806452
0.491935
0.266129
0.145161
0.846774
0.556452
0.201613
0.774194
0.314516
0.725806
0.0725806
0.83871
0.540323
0.806452
0.346774
0.830645
0.274194
0.862903
0.104839
0.580645
0.701613
0.830645
0.0483871
0.0725806
0.282258
0.798387
0.33871
0.346774
0.669355
0.0564516
0.491935
0.0322581
0.516129
0.669355
0.782258
0.129032
0.419355
0.516129
0.645161
0.725806
0.685484
0.58871
0.596774
0.725806
0.0322581
0.572581
0.0322581
0.298387
0.129032
0.274194
0.58871
0.580645
0.580645
0.379032
0.58871
0.540323
0.612903
0.5
0.532258
0.66129
0.241935
0.491935
0.604839
0.443548
0.459677
0.145161
0.443548
0.508065
0.209677
0.306452
0.0887097
0.491935
0.290323
0.5
0.0322581
0.467742
0.435484
0.129032
0.0564516
0
0.459677
0.266129
0.556452
0.524194
0.524194
0.620968
0.266129
0.0725806
0.185484
0.258065
0.459677
0.0241935
0.0322581
0.483871
0.403226
0.00806452
0.427419
0.0483871
0.451613
0.0967742
0.459677
0.451613
0.403226
0.387097
0.435484
0
0.370968
0.0645161
0.0967742
0.177419
0.120968
0.266129
0.0645161
0.25
0.0564516
0.104839
0.282258
0.0887097
0.298387
0.0806452
0.266129
0.0483871
0.322581
0.298387
0.314516
0.322581
0.306452
0
0.233871
0.129032
0.217742
0.153226
0.120968
0.201613
0.209677
0.225806
0.104839
0
0.185484
0.0967742
0.0967742
0.0887097
0.112903
0.0806452
0.129032
0.129032
0.0645161
0.0725806
0.112903
0.0403226
0.0564516
0.016129
0.016129
0.0725806
0.0564516
0.0887097
0.016129
0.0403226
0.434542
0.432698
0.640443
0.0288875
0.574063
0.110633
0.493546
0.169637
0.125999
0.0928089
0.311616
0.296865
0.301168
0.220652
0.229256
0.318377
0.269822
0.627535
0.350338
0.380455
0.22311
0.470805
0.267363
0.406884
0.0547019
0.373079
0.511371
0.318377
0.35587
0.202827
0.24831
0.155501
0.153042
0
0.499078
0.143208
0.136447
0.473264
0.136447
0.255071
0.507683
0.2311
0.202827
0.106331
0.235403
0.384143
0.175169
0.52858
0.500922
0.252612
0.603565
0.213276
0.19914
0.13276
0.240934
0.296865
0.43024
0.473878
0.817455
0.494776
0.543331
0.320221
0.574063
0.111862
0.245851
0.317148
0.0522434
0.413645
0.549478
0.531039
0.757222
0.358328
0.493546
0.152428
0.277197
1
0.623233
0.291948
0.266134
0.452366
0.200983
0.0854333
0.24032
0.173325
0.505839
0.21512
0.758451
0.175784
0.2563
0.517517
0.397664
0.19914
0.178857
0.543946
0.527351
0.331285
0.11555
0.374923
0.587585
0.753534
0.400123
0.519361
0.390289
0.522434
0.185003
0.52858
0.268593
0.28949
0.2815
0.575292
0.389674
0.286417
0.383528
0.601106
0.663798
0.42901
0.50461
0.538414
0.325138
0.0497849
0.527351
0.56177
0.446835
0.566073
0.577136
0.326982
0.375538
0.480639
0.771973
0.53657
0.295022
0.90842
0.253841
0.583282
0.568531
0.679779
0.595575
0.00799017
0.224339
0.52858
0.655194
0.432698
0.256915
0.279656
0.389674
0.567302
0.483712
0.186232
0.388445
0.435157
0.417947
0.623848
0.531039
0.408728
0.325753
0.521819
0.352797
0.433927
0.46343
0.592502
0.176398
0.816841
0.277197
0.251998
0.452366
0.549478
0.840811
0.460971
0.262446
0.612784
0.65212
0.564229
0.347265
0.178857
0.440074
0.674862
0.404425
0.440074
0.819914
0.285802
0.296865
0.511985
0.28949
0.706208
0.432084
0.16472
0.741242
0.704364
0.0971112
0.543946
0.55378
0.508297
0.231715
0.711125
0.275968
0.382299
0.643516
0.353411
0.595848
0
0.244291
0.346021
0.137024
0.169896
0.319377
0.361592
0.395848
0.472664
0.444983
0.259862
0.46955
0.593772
0.33737
0.356401
0.134256
0.438062
0.380623
0.208304
0.385813
0.341522
0.515225
0.161592
0.287889
0.470588
0.556747
0.259516
0.387889
0.392388
0.512803
0.361246
0.387543
0.379585
0.499308
0.342561
0.395502
0.249827
0.286505
0.402768
0.283391
0.387889
0.407266
0.465744
0.469204
0.489273
0.187197
0.176817
0.550519
0.32699
0.430796
0.324913
0.541176
0.179239
0.217647
0.433564
0.333218
0.233218
0.339792
0.295156
0.510035
0.386159
0.384429
0.418339
0.248789
0.265398
0.214533
0.358478
0.22526
0.268858
0.40346
0.291349
0.475433
0.320069
0.0522491
0.397578
0.560208
0.343599
0.416263
0.283737
0.44083
0.570242
0.443945
0.412111
0.419031
0.340484
0.563668
0.46263
0.217993
0.472318
0.52526
0.464706
0.226644
0.386851
0.76436
0.3609
0.413495
0.301038
0.603114
0.574048
1
0.453979
0.231834
0.309689
0.230796
0.636332
0.238408
0.443599
0.802076
0.577163
0.406574
0.311419
0.404498
0.717647
0.367128
0.487889
0.561246
0.300346
0.290311
0.268512
0.29481
0.466436
0.293772
0.321107
0.385121
0.357439
0.367474
0.382353
0.480623
0.391003
0.305882
0.244983
0.531488
0.394464
0.569204
0.398616
0.241176
0.292388
0.446713
0.443945
0.411765
0.355709
0.672318
0.370242
0.382353
0.316955
0.401038
0.319723
0.520415
0.223875
0.610727
0.350865
0.505882
0.448097
0.315917
0.292042
0.339792
0.352249
0.247059
0.375779
0.488235
0.289273
0.46955
0.300692
0.352941
0.341869
0.388235
0.72699
0.700346
0.508997
0.415571
0.618339
0.612457
0.465398
0.546367
0.701038
0.515571
0.713149
0.522491
0.56782
0.232526
0.363322
0.488927
0.589619
0.469896
0.495502
0.812803
0.677163
0.712803
0.348789
0.589273
0.581315
0.514879
0.399308
0.719723
0.650865
0.431142
0.614187
0.413793
0.461887
0.595281
0.0515426
0.573503
0.115245
0.476407
0.166062
0.141561
0.109528
0.279492
0.287659
0.288566
0.225318
0.20726
0.328494
0.277677
0.592559
0.345735
0.400181
0.231488
0.455535
0.27677
0.391107
0.0547187
0.371143
0.508167
0.318512
0.346642
0.197187
0.214519
0.149728
0.129583
0
0.511797
0.139927
0.122686
0.470054
0.127768
0.230127
0.486388
0.21461
0.222505
0.0979129
0.231397
0.383848
0.168149
0.509074
0.519056
0.257713
0.594374
0.2049
0.221325
0.138929
0.24265
0.306715
0.383848
0.449183
0.855717
0.467332
0.530853
0.311252
0.552632
0.0891107
0.226407
0.30127
0.0643376
0.412886
0.529038
0.533575
0.727768
0.339383
0.454628
0.126497
0.277677
1
0.642468
0.26588
0.245191
0.423775
0.203902
0.0839383
0.258621
0.169964
0.504537
0.204991
0.789474
0.178403
0.24392
0.526316
0.38657
0.19029
0.172958
0.524501
0.509074
0.34029
0.121234
0.376588
0.567151
0.740472
0.376588
0.519056
0.372958
0.495463
0.177223
0.559891
0.284029
0.34755
0.288566
0.553539
0.385662
0.254991
0.360254
0.578947
0.684211
0.392922
0.49274
0.522686
0.334846
0.0281307
0.522686
0.569873
0.424682
0.537205
0.580762
0.317604
0.362069
0.462795
0.754991
0.526316
0.319419
0.928312
0.236842
0.561706
0.560799
0.683303
0.57078
0.0127042
0.200272
0.517241
0.657895
0.416515
0.225136
0.281307
0.370236
0.561706
0.470054
0.17441
0.367514
0.413793
0.411978
0.600726
0.506352
0.427405
0.34392
0.509982
0.319419
0.42196
0.448276
0.598004
0.18539
0.795826
0.289474
0.230127
0.443739
0.53176
0.849365
0.443739
0.285844
0.645191
0.636116
0.538113
0.330309
0.160617
0.424682
0.678766
0.382033
0.398367
0.815789
0.25363
0.274955
0.480944
0.27314
0.714156
0.436479
0.161071
0.770417
0.667877
0.0772232
0.529038
0.534483
0.516334
0.248457
0.680581
0.264065
0.345735
0.663339
0.348457
0.344948
0.338594
0.535586
0.0129739
0.49534
0.0747193
0.397373
0.114541
0.0837746
0.0605274
0.230989
0.222093
0.222993
0.157382
0.170991
0.231519
0.181529
0.552002
0.287545
0.291834
0.149968
0.387842
0.196357
0.314287
0.0418344
0.284738
0.423851
0.235967
0.268958
0.14372
0.178564
0.104639
0.106651
0.00503071
0.393137
0.0972252
0.0899703
0.37831
0.0916119
0.185978
0.418555
0.156376
0.150445
0.07276
0.162413
0.300678
0.117825
0.420674
0.407964
0.182165
0.515992
0.14875
0.143402
0.0892819
0.169932
0.22294
0.328532
0.378839
0.741051
0.411142
0.439737
0.237344
0.492163
0.0766257
0.167602
0.239038
0.0372802
0.318841
0.459331
0.451387
0.701334
0.277854
0.35395
0.107922
0.19874
1
0.502754
0.214467
0.184813
0.359775
0.131487
0.0613218
0.164054
0.120366
0.416437
0.148856
0.700805
0.125079
0.18799
0.430205
0.310527
0.131911
0.115071
0.45986
0.456153
0.247935
0.0749841
0.282461
0.50699
0.692862
0.296018
0.420144
0.300042
0.427558
0.127515
0.447681
0.186242
0.218121
0.202976
0.490574
0.310422
0.210231
0.300095
0.559945
0.598072
0.337481
0.411142
0.439737
0.234855
0.0368036
0.452976
0.468863
0.352362
0.48316
0.477865
0.239409
0.294959
0.386782
0.733637
0.440796
0.210231
0.872908
0.18799
0.493222
0.461978
0.593307
0.515463
0
0.160506
0.430205
0.55359
0.333669
0.189526
0.233796
0.30555
0.470451
0.396314
0.12598
0.30036
0.332768
0.32832
0.541411
0.439208
0.327738
0.240521
0.426499
0.262656
0.341771
0.374073
0.50752
0.124073
0.838488
0.195774
0.180205
0.365601
0.451387
0.783415
0.365071
0.188149
0.521817
0.591718
0.476276
0.262921
0.12402
0.322283
0.595954
0.320377
0.329803
0.716691
0.210972
0.215738
0.405317
0.21685
0.604957
0.335416
0.109934
0.711396
0.617666
0.0684707
0.462508
0.464097
0.409024
0.156693
0.654205
0.200593
0.293211
0.571065
0.277378
0.285673
0.622831
0.192026
0.96845
0.363258
0.630001
0.228022
0.630001
0.750466
0.625699
0.101678
0.317367
0.129643
0.558296
0.339882
0.602753
0.463645
0.276925
0.532482
0.625699
0.436398
0.278646
0.476552
0.337014
0.515273
0.641474
0.273053
0.41632
0.303026
0.333572
0.271045
0.381902
0.0953678
0.684497
0.227162
0.417754
0.317941
0.500932
0.585544
0.223577
0.434963
0.555428
0.429227
0.533917
0.605622
0.460777
0.368995
0.47225
0.667288
0.414886
0.406281
0.32339
0.430661
0.929729
0.591281
0.581242
0.129786
0.436398
1
0.103255
0.380468
0.370429
0.252546
0.223433
0.598451
0.318945
0.489459
0.523878
0.366126
0.531048
0.135092
0.196185
0.642908
0.222429
0.72752
0.493762
0.561164
0.301162
0.22372
0.156461
0.466514
0.407715
0.422057
0.645777
0.147139
0.340599
0.561164
0.822171
0.197763
0.339739
0.367561
0.281945
0.396243
0.270472
0.132368
0.403413
0.485157
0.561164
0.238348
0.288542
0.331995
0.397677
0.370429
0.40915
0.49663
0.252832
0.83938
0.515273
0.449304
0.358956
0.215402
0.0491897
0.319662
0.282805
0.273053
0.194751
0.387638
0.38477
0.453607
0.354367
0.574071
0.473684
0.32253
0.0750036
0.602753
0.601319
0.529614
0.232181
0.457909
0.329844
0.707443
0.572637
0.393374
0.237057
0.345332
0.449304
0.279507
0.668722
0.169941
0.373297
0.598451
0.410584
0.118027
0.531048
0.364692
0.549692
0.38477
0.445002
0.119604
0.207945
0.358526
0.313638
0.404847
0.256991
0.396243
0.486591
0
0.36039
0.376165
0.480855
0.591281
0.206654
0.621397
0.246379
0.456475
0.412018
0.401979
0.343037
0.427793
0.500932
0.516707
0.327406
0.137387
0.455041
0.339882
0.169511
0.255414
0.161767
0.269181
0.0556432
0.311344
0.220278
0.199197
0.661552
0.58411
0.437832
0.58411
0.529614
0.251685
0.309049
0.226301
0.488025
0.60849
0.013624
0.272766
0.208662
0.459343
0.200631
0.216883
0.872621
0.274543
0.896363
0.326927
0.41775
0.292632
0.446392
0.554551
0.729414
0.0777841
0.31336
0.20407
0.427549
0.0977954
0.588468
0.631053
0.211607
0.375542
0.684191
0.530432
0.228189
0.465988
0.262484
0.397777
0.390239
0.474279
0.413982
0.329942
0.240249
0.0198229
0.299416
0.0537403
0.285472
0.651781
0.367628
0.221029
0.461843
0.290371
0.0933107
0.303938
0.340871
0.583192
0.302054
0.383833
0.516111
0.308837
0.484831
0.501413
0.41172
0.3974
0.256454
0.518372
0.491615
0.447899
0.486716
0.0797814
0.241002
0.906915
0.128999
0.425287
0.310345
0.280573
0.0435651
0.318259
0.254946
0.467119
0.453929
0.253816
0.454306
0.257961
0.172489
0.433955
0.0634257
0.412474
0.547767
0.893725
0.158055
0.222913
0.145581
0.735821
0.336348
0.57264
0.303938
0.364613
0.28095
0.611833
0.492745
0.18779
0.440362
0.258338
0.318636
0.398153
0.318636
0.252308
0.425287
0.504428
0.418881
0.231204
0.460335
0.315621
0.413605
0.218768
0.274166
0.308461
0.603919
0.687206
1
0.44413
0.23648
0.306199
0.0381006
0.165442
0.257207
0.56548
0.0912757
0.374034
0.335971
0.505559
0.0493311
0.445261
0.519126
0.247409
0.149199
0.53307
0.323535
0.224421
0.354814
0.309968
0.331072
0.717354
0.716978
0.194611
0.252685
0.455436
0.562842
0.231958
0.638214
0.0765404
0.323158
0.612964
0.317882
0
0.418504
0.250047
0.387601
0.349915
0.253439
0.244394
0.290748
0.321651
0.269267
0.198455
0.581685
0.539853
0.37215
0.094479
0.312229
0.322781
0.446015
0.459959
0.254569
0.531185
0.150443
0.296778
0.320143
0.620124
0.244017
0.612964
0.669116
0.263237
0.21613
0.211984
0.139928
0.473149
0.475787
0.172225
0.174675
0.687206
0.0239307
0.166761
0.277558
0.155493
0.61108
0.481816
0.320897
0.56058
0.466742
0.062785
0.232335
0.266252
0.496137
0.622386
0.171735
0.226682
0.0772565
0.557189
0.252685
0.210069
0.685467
0.252023
0.539745
0.432004
0.353557
0.241597
0.17298
0.401966
0.504742
0.0223673
0.187578
0.18718
0.347351
0.12405
0.367956
0.456085
0.2128
0.319051
0.493819
0.294226
0.310362
0.358274
0.185616
0.242838
0.54049
0.35182
0.2766
0.27511
0.267911
0
0.204359
0.0176754
0.199643
0.463532
0.184921
0.145499
0.430515
0.244824
0.0708753
0.268904
0.261457
0.470483
0.220496
0.255002
0.360508
0.133831
0.524353
0.42133
0.362494
0.346855
0.173527
0.440197
0.454595
0.360012
0.469987
0.121518
0.30217
1
0.170622
0.572266
0.199394
0.318554
0.0574202
0.322526
0.174991
0.352316
0.400973
0.312348
0.56308
0.269152
0.149546
0.466511
0.0858944
0.444913
0.653195
0.557867
0.104141
0.073904
0.143265
0.432253
0.209821
0.36175
0.284296
0.21702
0.233404
0.815054
0.327243
0.127898
0.427288
0.358026
0.217268
0.186262
0.256243
0.224716
0.379624
0.361253
0.414627
0.32625
0.424557
0.29224
0.449134
0.254754
0.282806
0.183481
0.383347
0.548185
0.728911
0.375155
0.317561
0.181198
0.044958
0.165409
0.279827
0.485378
0.0819473
0.417358
0.361501
0.42406
0.00712477
0.485875
0.507224
0.220992
0.227198
0.577231
0.307383
0.31483
0.203615
0.51343
0.402959
0.66387
0.776575
0.247058
0.18373
0.347848
0.548185
0.319547
0.359764
0.148751
0.401221
0.638052
0.238618
0.0567996
0.318306
0.217765
0.469987
0.33618
0.219999
0.239362
0.211062
0.361998
0.330718
0.351323
0.470731
0.495556
0.500521
0.0310561
0.230922
0.31061
0.48364
0.277345
0.369197
0.444417
0.12631
0.329974
0.29075
0.513927
0.256988
0.573507
0.728415
0.545951
0.297949
0.170126
0.130902
0.48091
0.450127
0.214786
0.0947321
0.611241
0.0342585
0.120898
0.100218
0.175885
0.828956
0.42555
0.228688
0.680006
0.704086
0.0931682
0.337421
0.276848
0.471228
0.369694
0.110819
0.281813
0.103893
0.531304
0.191699
0.277738
0.700923
0.33993
0.469291
0.464315
0.311515
0.380286
0.218586
0.404776
0.359998
0.0714246
0.252916
0.184256
0.29482
0.178451
0.456023
0.427055
0.364918
0.39466
0.662226
0.373266
0.315109
0.371496
0.327381
0.174194
0.552767
0.30748
0.31627
0.22041
0.197192
0.047985
0.188402
0
0.201117
0.438388
0.22815
0.178064
0.445519
0.293493
0.0720327
0.38493
0.336779
0.366079
0.267676
0.386865
0.326884
0.167947
0.548897
0.699818
0.375035
0.448836
0.210515
0.318813
0.418486
0.381005
0.411742
0.197081
0.366742
1
0.198795
0.522914
0.198021
0.365139
0.0372049
0.364476
0.216264
0.297639
0.470396
0.507435
0.598651
0.42407
0.251258
0.526231
0.0777821
0.494168
0.925922
0.714744
0.174581
0.0681077
0.209133
0.25358
0.139919
0.378517
0.248494
0.262093
0.218309
0.783294
0.394991
0.113218
0.470396
0.252419
0.244955
0.197413
0.36818
0.25463
0.354912
0.267013
0.490298
0.348775
0.571563
0.374813
0.37896
0.349494
0.362651
0.177732
0.52015
0.574327
0.648958
0.352037
0.403671
0.302725
0.0451103
0.248549
0.365692
0.489192
0.149981
0.421969
0.464315
0.388136
0.0820388
0.474819
0.595334
0.327215
0.314832
0.719166
0.356957
0.436895
0.224391
0.667201
0.497485
0.574327
0.945271
0.249986
0.318094
0.587042
0.717508
0.382
0.239704
0.179114
0.452153
0.75123
0.375532
0.0391398
0.35657
0.350821
0.583725
0.37111
0.245011
0.204821
0.233457
0.346177
0.526231
0.388745
0.44165
0.395987
0.547791
0.0152579
0.316822
0.395378
0.507435
0.261374
0.479794
0.358726
0.12737
0.410194
0.409088
0.700923
0.301951
0.408978
0.702582
0.655592
0.42899
0.180828
0.198795
0.424954
0.446072
0.260379
0.197192
0.644535
0.0467135
0.13511
0.378075
0.124661
0.90602
0.561612
0.241694
0.729117
0.76892
0.105423
0.368954
0.351927
0.504671
0.410968
0.239704
0.247056
0.167892
0.616341
0.163525
0.321594
0.641455
0.591801
0.744226
0.289261
0.396651
0.241917
0.512702
0.601617
0.416859
0.127021
0.308314
0.311201
0.57448
0.160508
0.494226
0.700346
0.266166
0.396651
1
0.545035
0.224596
0.356813
0.248845
0.573326
0.542725
0.314665
0.398383
0.339492
0.333141
0.148383
0.237875
0.274827
0.338915
0.578522
0.384527
0.252887
0.345843
0.473441
0.177829
0.351617
0.415127
0.370092
0.344688
0.372402
0.35739
0.204388
0.755196
0.188222
0.31582
0.284065
0.329677
0.338337
0.356236
0.490185
0.454965
0.474018
0.379908
0.777714
0.36836
0.516166
0.491917
0.605081
0.159931
0.374711
0.319284
0.790993
0.382794
0.243649
0.415127
0.284642
0.33776
0.616051
0.167436
0.379908
0.284065
0.627598
0.178984
0.241917
0.180716
0.621247
0.366628
0.247691
0.303695
0.265012
0.37067
0.515012
0.544457
0.165127
0.468822
0
0.535219
0.460739
0.453811
0.0692841
0.388568
0.470554
0.475173
0.0808314
0.346998
0.289261
0.386836
0.29157
0.270208
0.34642
0.33776
0.62933
0.685335
0.452079
0.292148
0.461894
0.137991
0.322748
0.266166
0.238453
0.132794
0.342956
0.338915
0.327945
0.179561
0.279446
0.543303
0.288106
0.357968
0.72806
0.369515
0.241917
0.372402
0.282333
0.446882
0.616051
0.374134
0.195727
0.178984
0.327367
0.297921
0.151848
0.512702
0.18418
0.393187
0.493072
0.394919
0.314088
0.448614
0.254619
0.240185
0.366628
0.20843
0.0918014
0.237875
0.233834
0.142032
0.204965
0.224018
0.486721
0.297344
0.310624
0.466513
0.30254
0.311778
0.558314
0.163395
0.288106
0.146074
0.318707
0.285219
0.394342
0.31582
0.473441
0.485566
0.241339
0.256351
0.162818
0.0721709
0.435912
0.281755
0.0669746
0.170323
0.57679
0.157044
0.336028
0.382794
0.396651
0.702079
0.388568
0.278868
0.283487
0.456697
0.395497
0.180139
0.168591
0.355658
0.44515
0.242494
0.246536
0.280023
0.332564
0.336028
0.277177
0.603094
0.208731
1
0.181818
0.453274
0.157237
0.514092
0.500954
0.681924
0.142403
0.223988
0.0663276
0.434838
0.190083
0.493961
0.425302
0.0536131
0.276542
0.506039
0.402416
0.142827
0.321043
0.238186
0.587836
0.287561
0.26192
0.315745
0.133715
0.2331
0.101505
0.295402
0.119093
0.390973
0.279296
0.372325
0.24412
0.216995
0.371265
0.139648
0.198347
0.367239
0.480398
0.331638
0.3452
0.309811
0.326552
0.365967
0.465989
0.266794
0.130536
0.289256
0.339055
0.565162
0.369358
0.488663
0
0.251748
0.392456
0.00402628
0.230557
0.183513
0.129265
0.220386
0.252384
0.259165
0.497139
0.241789
0.237762
0.223988
0.111888
0.107862
0.321466
0.136893
0.433143
0.157872
0.502861
0.11104
0.273787
0.0847637
0.533376
0.405171
0.349015
0.392456
0.106802
0.305361
0.255139
0.507735
0.203645
0.258741
0.178216
0.298368
0.40072
0.117822
0.0610299
0.336512
0.472346
0.275482
0.120153
0.272092
0.199407
0.206612
0.124603
0.131808
0.23416
0.255775
0.544819
0.652469
0.344353
0.115914
0.0930282
0.0885781
0.11761
0.137529
0.247722
0.102776
0.253232
0.17758
0.351558
0.26743
0.323586
0.517906
0.13541
0.0150456
0.348591
0.26531
0.221657
0.2242
0.101928
0.146217
0.546302
0.232253
0.304937
0.112736
0.21085
0.236279
0.0959949
0.619835
0.0828565
0.18203
0.335029
0.221233
0.0570036
0.389701
0.168892
0.217843
0.234584
0.32189
0.0809494
0.159992
0.188811
0.134562
0.0775588
0.496715
0.329095
0.230981
0.0635728
0.222929
0.354312
0.253655
0.468743
0.0317864
0.436109
0.188599
0.194109
0.246451
0.363213
0.120364
0.450731
0.39288
0.126722
0.10765
0.132019
0.0972664
0.247722
0.146217
0.114007
0.0938758
0.27188
0.0784064
0.14092
0.0830684
0.127357
0.174401
0.271456
0.430812
0.278661
0.376775
0.324009
0.149608
0.0923925
0.289044
0.523628
0.0502225
0.228862
0.0777707
0.306633
0.214028
0.26526
0.554516
0.240955
0.1857
0.346665
0.119308
0.205944
0.239786
0.0692222
0.0638691
0.114263
0.191976
0.128907
0.108417
0.17161
0.230987
0.150751
0.306362
0.377184
0.524366
0.0373492
0.40555
0.150874
0.250123
0.17764
0.250492
0.222742
0.0862663
0.164718
0.0567315
0.627738
0.0118139
0.0275043
0.0263352
0.484433
0.108664
0
0.267721
0.0574083
0.0718065
0.32839
0.140783
0.313684
0.142567
0.100849
0.244216
0.0522397
0.633276
0.200098
0.174132
0.34648
0.0588851
0.165887
0.121216
0.143244
0.220404
0.219542
0.319345
0.809254
0.30507
0.185516
0.147305
0.392013
0.0263968
0.678193
0.314484
0.0774674
0.379953
0.527443
0.333867
0.289441
0.249323
0.406288
0.169764
0.139737
0.395213
0.268275
0.108356
0.00713758
0.0393182
0.0567315
0.130138
0.0527935
0.261691
0.148843
0.00947576
0.221573
0.22828
0.0475634
0.269013
0.206621
0.139614
0.0384568
0.468558
0.335589
0.0627615
0.0690992
0.062823
0.203175
0.53175
0.210928
0.20336
0.0710682
0.247416
0.142259
0.399212
0.286365
0.675732
0.0295964
0.125461
0.394413
0.0221511
0.139367
0.601895
0.598819
0.139921
0.272151
0.148536
0.0575314
0.277627
0.564361
0.540364
0.129399
0.245324
0.231602
0.149951
0.382907
0.275905
0.5016
0.263844
0.20096
0.492862
0.282796
0.236463
0.481356
0.500984
0.258368
0.0108294
0.136537
0.256522
0.264829
0.159919
0.168779
0.723726
0.437423
0.147243
0.384753
0.0166133
0.194561
0.0644844
0.120539
0.289503
0.168349
0.452314
0.0743908
0.228956
0.032919
0.345188
0.368262
0.244032
0.173086
0.945238
0.0857125
0.118262
0.216035
0.193269
0.490832
0.110202
0.0408565
0.472803
0.604356
0.351772
0.16158
0.258676
0.240955
0.424809
0.162995
0.141398
0.219173
0.0833128
0.00744524
0.709574
0.189392
0.547133
0.369124
0.0790672
1
0.78095
0.10891
0.386229
0.206805
0.186562
0.0902658
0.726188
0.0798056
0.256153
0.548363
0.253138
0.486453
0.172944
0.0790856
0.252762
0.133465
0.12038
0.153236
0.323124
0.203731
0.393804
0.262632
0.198287
0.227928
0.213601
0.279506
0.226336
0.110637
0.243529
0.171798
0.195454
0.197746
0.473399
0.206915
0.146582
0.212646
0.32981
0.0777166
0.103028
0.177529
0.209144
0.58133
0.0730046
0.147856
0.339361
0.415136
0.147346
0.0796587
0.0958961
0.169251
0.150212
0.264542
0.250852
0.288421
0.259766
0.292559
0.216148
0.0822694
0.0276354
0.811201
0.19176
0.348913
0.474036
0.335541
0.178834
0.186825
0.226018
0.271228
0.388073
0.87806
0.311981
0.266452
0.287465
0.247668
0.324079
0.347002
0.308797
0.338725
0.330447
0.182368
0.218377
0.15728
0.327581
0.293196
0.249897
0.0943042
0.356235
0.127607
0.250852
0.0425037
0.036168
0.556497
0.460664
0.19106
0.557133
0.226336
0.0919482
0.381388
0.499188
0
0.184278
0.415454
0.472126
0.26486
0.262313
0.305295
0.285555
0.225063
0.100895
0.263268
0.191474
0.15728
0.458435
0.157503
0.0866312
0.142539
0.266452
0.221879
0.666019
0.291604
0.213601
0.404629
0.202713
0.119775
0.399535
0.315164
0.340953
0.203413
0.218695
0.176765
0.554905
0.254354
0.439651
0.0599191
0.103219
0.210417
0.276959
0.562546
0.371836
0.179057
0.611895
0.30625
0.155624
0.364195
0.176605
0.48709
0.107549
0.0940495
0.211691
0.402719
0.78764
0.177911
0.162756
0.402719
0.27091
0.300201
0.203413
0.499507
0.188226
0.419275
0.0727498
0.22761
0.31803
0.322487
0.351141
0.198542
0.332994
0.0655226
0.294788
0.217422
0.271865
0.371199
0.156452
0.509058
0.266134
0.17842
0.162883
0.171384
0.579738
0.268363
0.211373
0.2846
0.668885
0.226973
0.60107
0.325989
0.251488
0.30434
0.25913
0.109236
0.179121
0.0773982
0.481359
0.46544
1
0.710911
0.250215
0.746888
0.431373
0.352733
0.285873
0.382024
0.649782
0.253399
0.620809
0.470216
0.338406
0.154351
0.277914
0.232457
0.613177
0.228828
0.189
0.353344
0.152222
0.201121
0.222891
0.103323
0.0730601
0.108271
0.198813
0.144306
0.142327
0.168385
0.222726
0.18397
0.259751
0.354746
0.504906
0.0789148
0.369341
0.19337
0.288777
0.191474
0.234683
0.195844
0.0849344
0.152964
0.124021
0.570957
0.0323246
0.034551
0.0551662
0.63305
0.105055
0.0149254
0.258926
0.0613507
0.0778428
0.303785
0.130453
0.347984
0.146285
0.106951
0.21044
0.0662983
0.553888
0.383277
0.210522
0.32506
0.100849
0.346664
0.103653
0.151398
0.201616
0.181743
0.308568
0.713614
0.335038
0.132927
0.139441
0.355075
0.025068
0.599159
0.278717
0.0930156
0.361755
0.513647
0.300074
0.284489
0.245403
0.314917
0.164014
0.136225
0.384844
0.268904
0.103323
0.01575
0.0547539
0.0790797
0.122784
0.201039
0.309475
0.220994
0.024161
0.289767
0.227261
0.0677002
0.300239
0.215552
0.196339
0.0643193
0.439845
0.294302
0.0927682
0.0910365
0.0824606
0.215552
0.502515
0.15247
0.237816
0.0857591
0.218026
0.116269
0.495176
0.239795
0.739424
0.0618455
0.118249
0.411726
0.0314175
0.137379
0.54391
0.636101
0.132927
0.261235
0.165251
0.108106
0.246145
0.50169
0.548446
0.11495
0.223881
0.235755
0.174569
0.405954
0.265193
0.437783
0.331492
0.191638
0.500454
0.249114
0.252742
0.492702
0.528408
0.244578
0.0466727
0.145213
0.348808
0.247794
0.157335
0.155851
0.682032
0.430857
0.152964
0.275418
0.0370248
0.175641
0.0633298
0.141832
0.279459
0.145378
0.383277
0.158077
0.204337
0.0512905
0.346335
0.304939
0.251752
0.150161
0.858168
0.14711
0.121794
0.170281
0.206234
0.48627
0.145873
0.0996949
0.627113
0.537643
0.333966
0.187351
0.262307
0.240208
0.47555
0.154944
0.0854292
0.222644
0.0906242
0
0.658778
0.235837
0.495671
0.369918
0.135565
1
0.724499
0.114868
0.435639
0.184464
0.275418
0.0853467
0.724417
0.0674528
0.2205
0.590006
0.254803
0.19059
0.461607
0.225688
0.0438396
0.266382
0.055826
0.156352
0.122413
0.0342042
0.0329459
0.0878117
0.133009
0.0747988
0.0614549
0.104003
0.133075
0.102381
0.264892
0.293401
0.322539
0.0233767
0.263402
0.097712
0.155988
0.0894341
0.178107
0.179398
0.0696666
0.103308
0.0361577
0.304659
0.0149995
0.0216549
0.00986722
0.301017
0.0574153
0.00165557
0.190623
0.0339724
0.0527135
0.29307
0.086421
0.154929
0.0744015
0.0703619
0.183703
0.0309924
0.512599
0.175855
0.109765
0.261581
0.0425814
0.0982087
0.0684414
0.0900301
0.14781
0.132612
0.253237
0.725175
0.222642
0.163372
0.098308
0.336115
0.0194696
0.291083
0.198967
0.0355286
0.264627
0.357306
0.27509
0.277673
0.17665
0.208006
0.0973809
0.101487
0.379822
0.223403
0.0893679
0.0183438
0.0494354
0.0587067
0.067713
0.037118
0.118241
0.133208
0.0179795
0.229032
0.128241
0.0412238
0.205093
0.147479
0.0563226
0.028807
0.365584
0.317572
0.0497997
0.0368862
0.0595676
0.185491
0.469554
0.115923
0.153704
0.065031
0.188769
0.0720175
0.305983
0.150558
0.412271
0.0298997
0.126983
0.254793
0.0271183
0.104069
0.614913
0.472865
0.105361
0.184299
0.127843
0.0466872
0.116288
0.39406
0.386775
0.115592
0.201517
0.182345
0.100725
0.24231
0.245886
0.497037
0.177709
0.123274
0.460614
0.163505
0.193537
0.296712
0.384789
0.208702
0
0.062978
0.185789
0.221847
0.118605
0.103937
0.538095
0.30201
0.127479
0.297705
0.0160922
0.146982
0.0721168
0.099202
0.224827
0.139697
0.301017
0.0633423
0.177974
0.0296679
0.25082
0.270786
0.202311
0.0829774
1
0.0613556
0.0811231
0.176716
0.151353
0.416907
0.0975464
0.0286745
0.347041
0.479156
0.281613
0.114433
0.123009
0.113374
0.337108
0.126751
0.0729115
0.205589
0.0641701
0.0200324
0.509619
0.127843
0.363928
0.251945
0.0390716
0.794047
0.727492
0.0545015
0.340088
0.172643
0.156253
0.0401642
0.590742
0.0616536
0.162346
0.425516
0.165293
0.0620455
0.131118
0.122967
0.226364
0.309981
0.179461
0.0363981
0.215648
0.107649
0.157468
0.0478516
0.109054
0.249517
0.103292
0.107192
0.153146
0.14482
0.0724098
0.118786
0.188385
0.062713
0.283983
0.0901521
0.103995
0.101325
0.196782
0.0824931
0.0533324
0.10923
0.112813
0.148122
0.09486
0.0215367
0.189615
0.136352
0.0844957
0.0239961
0.127429
0.13579
0.0705477
0.13319
0.0348523
0.236799
0.179672
0.141798
0.110775
0.0720233
0.293117
0.17138
0.231283
0.147033
0.187542
0.169589
0.157924
0.151706
0.211924
0.0476759
0.19095
0.72596
0.0618698
0.0831255
0.0776447
0.0796473
0.169764
0.257633
0.144152
0.096968
0.223799
0.195482
0.0488353
0.0788041
0.121421
0.221726
0.117205
0.0957735
0.0690019
0.0557215
0.0688262
0.0218881
0.00699153
0.186312
0.225942
0.190212
0.391139
0.100376
0.0483786
0.233988
0.216316
0.098549
0.0889576
1
0.28855
0.115694
0.145347
0.100903
0.135298
0.151635
0.100657
0.0826687
0.132136
0.0770474
0.279064
0.0734287
0.0696343
0.129431
0.129607
0.262903
0.340547
0.0940871
0.0834768
0.14229
0.0055862
0.0641535
0.0661912
0.106103
0.0975653
0.166005
0.0818255
0.0666128
0.102906
0.119067
0.186101
0.0756772
0.0656642
0.0990057
0.141587
0.133085
0.171486
0.127358
0.0733935
0.234058
0.130064
0.275902
0.124407
0.20279
0.0460598
0.124513
0.166462
0.198328
0.301198
0.0895197
0.160349
0.146295
0.194322
0.103362
0.225556
0.189966
0.0929979
0.191196
0.0509433
0.0719179
0.0983733
0.324386
0.144012
0.229421
0.0920845
0
0.187261
0.186453
0.140498
0.24639
0.0867793
0.241401
0.0802797
0.123283
0.0850929
0.0815796
0.115589
0.0687911
0.131118
0.268173
0.108984
0.113691
0.405193
0.180339
0.175456
0.0658047
0.0725855
0.0478867
0.0646805
0.0731827
0.0077996
0.0877279
0.214454
0.162281
0.161157
0.203563
0.0354495
0.222605
0.234129
0.107754
0.121772
0.0804553
0.061659
0.123353
0.148368
0.146295
0.17918
0.053595
0.325592
0.211967
0.52504
0.134811
0.175888
0.126455
0.179168
0.216106
0.50622
0.0150094
0.25976
0.186743
0.273738
0.033369
0.137935
0.358703
0.040944
0.0895957
0.239299
0.181198
0.155194
0.181355
0.17948
0.209234
0.183307
0.201737
0.166595
0.137779
0.176513
0.0280587
0.117475
0.0286834
0.0803808
0.728238
0.11029
0.0507056
0.254527
0.12505
0.0230608
0.122707
0.16558
0.493647
0.149415
0.123019
0.381194
0.103887
0.276237
0.415086
0.23274
0.299899
0.168704
0.465534
0.170031
0.142777
0.253122
0.00839496
0.106698
0.708402
0.155896
0.190882
0.0950622
0.163862
0.0364927
0.214388
0.0939689
0.226336
0.329496
0.183307
0.120442
0.141293
0.135514
0.133796
0.0256378
0.123878
0.140746
0.314268
0.119349
0.0515646
0.0143222
1
0.242892
0.342616
0.20408
0.231412
0.0673393
0.342538
0.185337
0.0924851
0.161597
0.610708
0.232349
0.211108
0.190101
0.149102
0.137857
0.243907
0.0994354
0.103652
0.166205
0.160113
0.196583
0.0599986
0.0831921
0.151836
0.314737
0.300914
0.410791
0.14223
0.0658555
0.409698
0.0137287
0.0368051
0.0580463
0.329965
0.0339156
0.133874
0.129657
0.214466
0.0211084
0.192756
0.31216
0.0721811
0.0500808
0.132469
0.105292
0.0829578
0.246952
0.096546
0.205641
0.454835
0.273972
0.132469
0.0914699
0.30763
0.162925
0.0906109
0.297869
0.0786627
0.262571
0.233599
0.159098
0.0540636
0.246328
0.10826
0.154647
0.261868
0.0824893
0.279049
0.0644499
0.099982
0.104668
0.0932661
0.491226
0.369792
0.163862
0.0555473
0.153476
0.193615
0.160582
0.243751
0.0425058
0.328403
0.0699164
0.0892053
0.122473
0.193459
0.135827
0.320906
0.279205
0.168391
0.131844
0.233989
0.0866282
0.314971
0.404309
0.0450829
0.0692135
0.138872
0
0.0618728
0.0174849
0.123019
0.195724
0.189711
0.183541
0.207906
0.269443
0.0253255
0.163393
0.105761
0.263508
0.298181
0.151836
0.105683
0.0641375
0.219151
0.148087
0.160997
0.322068
0.166039
0.343745
0.345778
0.260951
0.0849014
0.104922
0.185082
0.500452
0.00052687
0.127728
0.297832
0.274499
0.0680415
0.15761
0.40283
0.0467409
0.123965
0.198555
0.119449
0.30009
0.186813
0.174093
0.234156
0.297155
0.180867
0.11817
0.19577
0.280069
0.0544935
0.147147
0.0222791
0.112976
0.649481
0.0821165
0.0269457
0.335692
0.136309
0.038311
0.13932
0.111245
0.436926
0.141427
0.0919012
0.237694
0.0500527
0.566762
0.0782779
0.283983
0.195695
0.16762
0.428647
0.329595
0.144287
0.365498
0.0900948
0.169201
0.879572
0.221737
0.275553
0.0846756
0.240102
0.0931808
0.41269
0.148502
0.267575
0.309499
0.230769
0.220909
0.130062
0.115309
0.247704
0.0795574
0.241532
0.151663
0.209092
0.0647298
0.0511817
0.023935
0.795273
0.200888
0.335466
0.268779
0.121331
0.0681921
0.591901
0.151889
0.0711275
0.151588
1
0.195243
0.211877
0.177028
0.11817
0.225275
0.270134
0.147599
0.177856
0.256134
0.113503
0.212329
0.0931808
0.124567
0.152416
0.208415
0.292714
0.537257
0.135105
0.0769983
0.266747
0.016333
0.0718049
0.0789553
0.394024
0.0397411
0.217823
0.133449
0.209092
0.0133976
0.342014
0.493376
0.0989011
0.116739
0.15776
0.162126
0.256511
0.212253
0.187265
0.244694
0.666792
0.238748
0.28737
0.0964173
0.362035
0.186813
0.119449
0.262984
0.172738
0.479828
0.272768
0.106503
0.104998
0.255833
0.172588
0.33509
0.318154
0.0821165
0.289628
0.141578
0.195921
0.157384
0.286994
0.413744
0.525741
0.237995
0.0247629
0.198931
0.251468
0.223393
0.179286
0.0947614
0.370691
0.140975
0.136911
0.147373
0.186437
0.223694
0.471549
0.508129
0.308897
0.214963
0.273672
0.162577
0.68162
0.366401
0.0471173
0.0715038
0.263736
0
0.0601385
0.131115
0.209017
0.478624
0.218952
0.160394
0.368207
0.421045
0.0961915
0.372196
0.239726
0.363014
0.306488
0.100783
0.130965
0.155126
0.29008
0.21549
0.13726
0.313702
0.37764
0.395824
0.401103
0.246246
0.238914
0.272935
0.207825
0.268243
0.0708881
0.224249
0.432485
0.167938
0.17351
0.228649
0.50874
0.152687
0.179669
0.551267
0.244779
0.408728
0.165885
0.245366
0.154446
0.17439
0.131071
0.114178
0.198733
0.188761
0.410488
0.218383
0.0500645
0.152393
0.62195
0.128637
0.0492433
0.345378
0.204599
0.118724
0.299331
0.221316
0.390251
0.226595
0.195507
0.178789
0.118254
0.650985
0.388785
0.391131
0.316929
0.265896
0.35095
0.255338
0.221023
0.255924
0.137523
0.317809
0.382626
0.247419
0.154153
0.118988
0.313702
0.109866
0.669756
0.190521
0.388785
0.388198
0.665063
0.230408
0.324261
0.318688
0.301971
0.125205
0.235394
0.212224
0.307837
0.134708
0.0244897
0.0453132
0.336872
0.235687
0.400516
0.452428
0.206359
0.0624413
0.571211
0.226889
0.0905092
0.235101
1
0.325434
0.269122
0.350364
0.164418
0.242433
0.287893
0.254165
0.168231
0.351537
0.251232
0.30549
0.218383
0.21985
0.241847
0.293759
0.472079
0.73516
0.147994
0.0883095
0.478531
0
0.137875
0.120425
0.306077
0.0981933
0.227475
0.175856
0.202839
0.268243
0.356523
0.416061
0.183482
0.213984
0.249765
0.256511
0.359749
0.380866
0.229822
0.377933
0.517832
0.290533
0.360336
0.276748
0.592034
0.279681
0.209585
0.240967
0.310476
0.857461
0.226009
0.282321
0.114764
0.475598
0.286427
0.408435
0.386145
0.128842
0.359162
0.134297
0.173803
0.278214
0.287893
0.526044
0.497888
0.19316
0.00360746
0.331593
0.309596
0.282027
0.322208
0.290533
0.446856
0.124619
0.155033
0.193747
0.316635
0.287893
0.319862
0.617844
0.567985
0.340392
0.304904
0.434538
0.537189
0.592914
0.062324
0.183189
0.195507
0.0747595
0.0917116
0.921692
0.226595
0.543935
0.449496
0.313116
0.502874
0.367961
0.225422
0.501115
0.256511
0.363268
0.316635
0.445389
0.164711
0.133153
0.367374
0.262084
0.172441
0.421642
0.438966
0.985151
0.184245
0.187671
0.112283
0.132843
0.25792
0.190527
0.127894
0.232219
0.417454
0.203472
0.118375
0.171489
0.549002
0.0561224
0.129417
0.289331
0.126751
0.286476
0.186529
0.216418
0.282668
0.250114
0.143695
0.174155
0.380902
0.236027
0
0.112093
0.112664
0.108285
0.865215
0.177201
0.0618337
0.312176
0.18177
0.0584069
0.202521
0.195857
0.173584
0.161209
0.211659
0.140649
0.0822038
1
0.431732
0.135128
0.413075
0.128274
0.102574
0.144456
0.154927
0.134557
0.804485
0.239263
0.71558
0.236407
0.150358
0.142172
0.456671
0.163494
0.833803
0.206899
0.921375
0.188433
0.566327
0.170918
0.22232
0.24802
0.499886
0.139316
0.191098
0.149787
0.19224
0.144456
0.0730658
0.0534572
0.823332
0.20747
0.33445
0.361864
0.119327
0.139697
0.264012
0.230315
0.139887
0.211659
0.264012
0.706442
0.219083
0.211087
0.103526
0.19205
0.169776
0.0740177
0.097053
0.152642
0.083346
0.266106
0.115329
0.109808
0.242499
0.218512
0.208613
0.294852
0.0393124
0.094007
0.372906
0.0427962
0.0677353
0.110189
0.216228
0.120088
0.123134
0.281336
0.114187
0.149787
0.208613
0.370812
0.0926744
0.267438
0.376904
0.142362
0.198142
0.262679
0.131511
0.564994
0.905193
0.294472
0.253541
0.125038
0.556237
0.138935
0.0928648
0.180818
0.181199
0.376904
0.239263
0.119136
0.449817
0.234123
0.142553
0.316555
0.30361
0.0827749
0.153404
0.0964819
0.0854401
0.0458422
0.162352
0.168443
0.377856
0.17682
0.223271
0.401462
0.157783
0.0625952
0.313319
0.157402
0.250685
0.0692583
0.146741
0.0511727
0.207661
0.174155
0.256777
0.241547
0.0620241
0.211278
0.10086
0.367575
0.37519
0.401843
0.0361902
0.118565
0.296566
0.168443
0.13113
0.30399
0.216037
0.453815
0.346634
0.189385
0.462001
0.142743
0.199665
0.178914
0.0500305
0.264963
0.333308
0.323218
0.253922
0.370431
0.131892
0.22251
0.209884
0.445045
0.344461
0.707836
0.351085
0.350998
0.247451
0.376972
0.232023
0.78384
0.1704
0.266452
0.166914
0.381679
0.0869868
0.266277
0.288242
0.078445
0.149394
0.554084
0.228711
0.272814
0.163863
0.231413
0.399198
0.241175
0.244836
0.23795
0.13754
0.255818
0.0581365
0.183038
0.0173451
0.170226
0.57169
0.194369
0.055173
0.213371
0.222784
0.0472413
0.132572
0.263314
0.438072
0.219123
0.186263
0.454284
0.17807
0.559226
0.81086
0.212063
0.259915
0.293297
0.401464
0.523926
0.24379
0.426828
0.0710363
0.303582
0.765972
0.139371
0.186263
0.112089
0.190534
0.134403
0.15689
0.204567
0.309248
0.338272
0.235161
0.194457
0.231239
0.20971
0.296871
0.0680729
0.268544
0.144688
0.366774
0.117057
0.129696
0
0.926785
0.399634
0.281095
0.280572
0.201342
0.0774863
0.358058
0.298004
0.156367
0.228449
1
0.32084
0.302711
0.257823
0.101891
0.221302
0.39484
0.108864
0.15689
0.171359
0.145733
0.249455
0.11113
0.127517
0.140155
0.363026
0.660071
0.431884
0.19803
0.0701647
0.414103
0.0224876
0.0425346
0.105639
0.307417
0.145036
0.205613
0.137802
0.260961
0.145646
0.322496
0.421947
0.118888
0.0437549
0.19681
0.148348
0.230628
0.292687
0.177024
0.191842
0.544147
0.200296
0.329469
0.071385
0.278829
0.23612
0.0543886
0.291816
0.155496
0.449141
0.256341
0.196025
0.0577878
0.412098
0.1704
0.254336
0.298788
0.153316
0.231151
0.11758
0.12804
0.0974462
0.062756
0.890177
0.459165
0.18513
0.0534298
0.253552
0.363288
0.230105
0.514948
0.101543
0.428223
0.0549987
0.14277
0.200819
0.320143
0.207008
0.4406
0.446788
0.274732
0.122984
0.244487
0.0730411
0.264011
0.309335
0.0382637
0.0881199
0.114704
0.0194369
0.0819315
0.241349
0.0706005
0.191755
0.372963
0.285191
0.24501
0.398849
0.241524
0.14983
0.227752
0.280485
0.388826
0.247102
0.181382
0.0252767
0.25207
0.219559
0.394347
0.562584
0.54105
0.0928668
0.435173
0.119785
0.473306
0.189323
0.118887
0.100942
0.284881
0.340063
0.179453
0.207268
0.279498
0.364289
0.234634
0.732616
0.611036
0.422162
0.214446
0.379991
0.333333
0.321669
0.178555
0.3607
0.507402
0.330642
0.321669
0.136833
0.0964558
0.120682
0.138627
0
0.504711
0.203679
0.152086
0.447734
0.126963
0.23598
0.59668
0.225662
0.216689
0.190668
0.200538
0.470166
0.16734
0.48856
0.336025
0.241812
0.510543
0.156572
0.188874
0.155675
0.267833
0.329744
0.347241
0.422162
0.591297
0.425303
0.43921
0.297443
0.613279
0.0740242
0.256169
0.317631
0.0403769
0.342306
0.422162
0.623149
0.680574
0.323463
0.400628
0.230597
0.266936
0.909825
0.620906
0.326155
0.222521
0.379991
0.130103
0.126066
0.145357
0.159264
0.471961
0.246299
0.55092
0.28533
0.221175
0.494841
0.234634
0.18035
0.130552
0.578286
0.675639
0.270974
0.105877
0.302826
0.521759
0.815164
0.433827
0.395245
0.314491
0.57694
0.159264
0.547779
0.219381
0.314491
0.253477
0.515478
0.338717
0.227456
0.392104
0.881561
0.68865
0.362494
0.488111
0.470615
0.256169
0.0233288
0.587259
0.486317
0.403769
0.458502
0.558995
0.288919
0.365635
0.524899
0.79991
0.444594
0.202782
0.910274
0.254374
0.514581
0.509197
0.664872
0.562135
0.0179453
0.132346
0.358008
0.600718
0.369672
0.198295
0.463437
0.433827
0.412293
0.440556
0.188425
0.338268
0.338268
0.389861
0.576043
0.385823
0.391655
0.204127
0.498878
0.284432
0.389861
0.444594
0.494392
0.142216
1
0.191566
0.212651
0.404666
0.48856
0.766263
0.337371
0.20996
0.513683
0.565725
0.486765
0.27546
0.119785
0.405563
0.556303
0.399731
0.368327
0.65904
0.238672
0.20323
0.322566
0.25258
0.500224
0.323463
0.111709
0.697622
0.737102
0.0946613
0.438313
0.444594
0.436519
0.171826
0.530731
0.201884
0.355316
0.695379
0.309556
0.620931
0.0200791
0.131123
0.299057
0
0.112565
0.267113
0.34895
0.427746
0.730453
0.523578
0.322787
0.334347
0.622452
0.432309
0.450563
0.0733191
0.575601
0.452997
0.1439
0.503194
0.322178
0.609674
0.0867052
0.348342
0.469121
0.432918
0.322178
0.375723
0.416489
0.259507
0.284454
0.413143
0.567995
0.501977
0.344691
0.40219
0.141466
0.34317
0.456952
0.34895
0.426833
0.39063
0.511104
0.508671
0.521752
0.127472
0.0164284
0.488287
0.229997
0.388196
0.431701
0.568908
0.174323
0.325525
0.420748
0.339519
0.25038
0.222695
0.275631
0.514451
0.456647
0.346821
0.508062
0.144813
0.261637
0.295406
0.256769
0.0733191
0.29571
0.351384
0.292972
0.327654
0.401582
0.0112565
0.492242
0.511409
0.491329
0.345604
0.294798
0.623973
0.689687
0.337998
0.527533
0.468208
0.409188
0.48707
0.766048
0.10861
0.357773
0.346821
0.553088
0.312139
0.364162
0.874354
0.464862
0.4101
0.250076
0.630058
0.542744
0.857925
0.421661
0.256161
0.240341
0.164284
0.596288
0.182233
0.45543
1
0.684211
0.32157
0.456343
0.385154
0.927594
0.350167
0.54822
0.585032
0.401582
0.256161
0.204442
0.291147
0.388196
0.253423
0.19349
0.462124
0.417098
0.501369
0.538485
0.427746
0.547308
0.228172
0.210222
0.503499
0.295102
0.521448
0.277761
0.197749
0.491329
0.45756
0.418923
0.367204
0.265896
0.615759
0.334043
0.305141
0.255552
0.43383
0.429875
0.571646
0.162762
0.665348
0.468512
0.434743
0.371159
0.194098
0.417402
0.300882
0.285671
0.188926
0.428658
0.49498
0.203529
0.598114
0.346517
0.28993
0.26042
0.312139
0.845452
0.794646
0.387587
0.296015
0.656526
0.530879
0.405537
0.569821
0.529358
0.714025
0.677213
0.418923
0.516276
0.177974
0.175236
0.560389
0.481898
0.47338
0.465166
0.760268
0.661089
0.74171
0.277152
0.614846
0.849711
0.46547
0.247642
0.754792
0.608153
0.344083
0.555218
0.371176
0.676411
0.503059
0.0936098
0.456152
0.150918
0.458872
0.173351
0.14344
0.0853161
0.263086
0.349422
0.182869
0.265126
0.260367
0.351462
0.271924
0.699524
0.624745
0.457512
0.253569
0.372536
0.436438
0.338545
0.233175
0.346703
0.518695
0.323589
0.329028
0.211421
0.0709721
0.150918
0.118287
0.014412
0.627464
0.190347
0.138681
0.445275
0.120326
0.221618
0.577838
0.208022
0.231135
0.181509
0.200544
0.452073
0.171312
0.46431
0.382053
0.261047
0.508498
0.165874
0.283481
0.144799
0.28552
0.307274
0.299796
0.409925
0.651258
0.42896
0.432359
0.303195
0.588035
0.0471788
0.246771
0.298436
0.046431
0.324949
0.424201
0.610469
0.673691
0.309993
0.379334
0.21414
0.271244
0.922502
0.621346
0.300476
0.195105
0.367777
0.144799
0.112848
0.227736
0.18015
0.552685
0.222978
0.624745
0.295037
0.221618
0.546567
0.239973
0.203263
0.131203
0.579198
0.646499
0.297757
0.137322
0.329028
0.527532
0.82189
0.381373
0.406526
0.311353
0.530252
0.156356
0.635622
0.235894
0.398368
0.280082
0.524813
0.358939
0.209381
0.376615
0.876275
0.753229
0.339905
0.507818
0.492862
0.28416
0
0.584636
0.50102
0.379334
0.442556
0.584636
0.303875
0.394969
0.516655
0.797417
0.492862
0.233175
0.980286
0.245411
0.517335
0.509177
0.747111
0.555404
0.0452753
0.116247
0.386812
0.590755
0.360299
0.169952
0.489463
0.437118
0.414004
0.409245
0.195785
0.324269
0.327668
0.409925
0.564922
0.371856
0.397689
0.25153
0.467709
0.28688
0.396329
0.416723
0.530931
0.14208
1
0.221618
0.195105
0.388171
0.512576
0.81985
0.349422
0.296397
0.639021
0.550646
0.475187
0.282801
0.109449
0.407886
0.587356
0.390891
0.291638
0.67777
0.218219
0.180829
0.305235
0.264446
0.517335
0.340585
0.153637
0.766145
0.743712
0.0791978
0.475867
0.443236
0.515976
0.18015
0.523453
0.186948
0.32223
0.769545
0.297077
0.273322
0.44505
0.424431
0.0175557
0.314266
0.0663053
0.319568
0.114554
0.0681022
0.0598839
0.189078
0.232967
0.108516
0.128163
0.185543
0.23768
0.139268
0.620607
0.502784
0.280686
0.114525
0.263601
0.22413
0.211759
0.112109
0.246222
0.384371
0.221774
0.212348
0.0858641
0.0561725
0.0684262
0.0824177
0.0017379
0.336652
0.117559
0.0685145
0.311909
0.0740228
0.153731
0.482164
0.140623
0.132964
0.111992
0.122831
0.345489
0.0896345
0.33135
0.232673
0.152258
0.385254
0.0937583
0.117028
0.0939939
0.172877
0.225014
0.221774
0.306607
0.460956
0.303367
0.318389
0.196442
0.497187
0.0428584
0.136469
0.213526
0.0246252
0.233851
0.29453
0.507791
0.558161
0.221479
0.241509
0.143009
0.174939
0.797638
0.465669
0.22413
0.13697
0.265663
0.0749065
0.0768211
0.0814752
0.0880144
0.347551
0.157854
0.435329
0.189961
0.141801
0.358449
0.15108
0.0893104
0.0712834
0.442104
0.579958
0.169931
0.0582933
0.200566
0.40175
0.717517
0.265074
0.267725
0.210286
0.431206
0.0936405
0.417656
0.123921
0.211464
0.155203
0.393502
0.231789
0.141536
0.273322
0.861262
0.552564
0.239153
0.358155
0.339009
0.154025
0.0134025
0.455065
0.349907
0.287755
0.338419
0.421191
0.180536
0.251524
0.402044
0.706324
0.303956
0.119945
0.80294
0.159622
0.37465
0.342543
0.506318
0.423547
0
0.0736693
0.237091
0.463313
0.247695
0.124687
0.365224
0.309258
0.285988
0.322513
0.106395
0.228549
0.230905
0.273616
0.445934
0.268903
0.273616
0.127132
0.362868
0.169637
0.270376
0.32163
0.368759
0.0824472
1
0.118207
0.135173
0.290112
0.335179
0.62856
0.229138
0.119856
0.386138
0.447406
0.360217
0.181419
0.0655395
0.218828
0.42502
0.287166
0.20793
0.502194
0.152847
0.121741
0.20793
0.164335
0.347845
0.21117
0.0601196
0.581136
0.642699
0.0549353
0.328404
0.322513
0.31132
0.0903414
0.410586
0.12398
0.231789
0.549913
0.207635
0.267183
0.570687
0.262208
0.90902
0.394413
0.630393
0.230933
0.593432
0.628261
0.734878
0.257232
0.41005
0.221693
0.610491
0.458384
0.689388
0.405786
0.413604
0.700761
0.515957
0.501741
0.368825
0.584192
0.30983
0.581349
0.579217
0.490369
0.44559
0.528751
0.44559
0.0850096
0.562158
0.195394
0.774682
0.304144
0.505295
0.486104
0.611202
0.687256
0.405075
0.572109
0.390149
0.583481
0.733457
0.589168
0.544388
0.420712
0.508138
0.407207
0.520222
0.402232
0.434928
0.498898
0.741275
0.752648
0.7363
0.179757
0.486104
0.623285
0.143507
0.324046
0.40934
0.288507
0.426398
0.420712
0.351766
0.402232
0.425688
0.268605
0.439903
0.290639
0.247992
0.470467
0.413604
0.506006
0.46407
0.477575
0.422845
0.342526
0.294904
0.507428
0.686545
0.353188
0.652427
0.357453
0.520933
0.50956
1
0.477575
0.319781
0.301301
0.525908
0.455541
0.379487
0.41858
0.514536
0.680859
0.628261
0.287085
0.470467
0.388016
0.457673
0.424266
0.48184
0.492501
0.32831
0.672329
0.486815
0.756202
0.499609
0.223825
0.188286
0.525197
0.413604
0.321913
0.352477
0.684413
0.420712
0.388016
0.225958
0.480418
0.375222
0.43706
0.166963
0.549364
0.547942
0.447722
0.48255
0.494634
0.283531
0.519511
0.505295
0.597697
0.361006
0.326178
0.337551
0.52804
0.970147
0.350345
0.306987
0.485393
0.471178
0.233776
0.496055
0.348212
0.601251
0.405786
0.56429
0.438482
0.315516
0.413604
0.390149
0.503874
0.275713
0.396546
0.493923
0.134978
0.348212
0.421423
0.458384
0.692942
0.238041
0.648873
0.303433
0.478286
0.424977
0.371668
0.333997
0.424977
0.417869
0.420001
0.24657
0.227379
0.460516
0.458384
0.247992
0.332575
0.266472
0.304144
0.197526
0.402943
0.0769067
0.257943
0.363139
0.370247
0.522354
0.435639
0.306987
0.526619
0.393702
0.33684
0.484683
0.458384
0
0.321913
0.314095
0.48255
0.363139
0.140351
0.610208
0.291639
0.809574
0.152669
0.365843
0.283891
0.314784
0.485542
1
0.1031
0.506203
0.140152
0.60236
0.134888
0.369518
0.540474
0.207303
0.304453
0.341307
0.608916
0.159324
0.555971
0.228362
0.522693
0.302566
0.603652
0.525574
0.329982
0.370015
0
0.368723
0.151973
0.217038
0.688484
0.318956
0.336837
0.454648
0.362862
0.153364
0.297798
0.37518
0.56958
0.352432
0.288361
0.683517
0.300877
0.285877
0.228859
0.366538
0.357002
0.24962
0.590837
0.356207
0.394054
0.438258
0.0684322
0.176608
0.370611
0.173926
0.332565
0.252501
0.291639
0.100319
0.163993
0.171145
0.355512
0.296506
0.135086
0.331075
0.30495
0.159523
0.187138
0.102604
0.30495
0.34975
0.702391
0.301374
0.276739
0.191906
0.875533
0.416504
0.410742
0.259156
0.505409
0.351936
0.362962
0.466469
0.279917
0.300182
0.127139
0.352234
0.383127
0.270381
0.356008
0.292334
0.47978
0.339817
0.223296
0.358889
0.320049
0.243859
0.187933
0.26303
0.273063
0.47839
0.396338
0.462794
0.501733
0.241574
0.233826
0.12853
0.204025
0.211674
0.418391
0.128431
0.330578
0.345677
0.416504
0.0282411
0.357896
0.285877
0.223495
0.10171
0.395246
0.241773
0.152967
0.428523
0.215051
0.292533
0.450278
0.538786
0.183065
0.185052
0.288361
0.334949
0.252501
0.880698
0.10608
0.188827
0.516932
0.320049
0.0470353
0.346571
0.182668
0.241276
0.29303
0.30346
0.358492
0.213859
0.322731
0.25707
0.132305
0.424351
0.392266
0.319056
0.23909
0.180185
0.255878
0.306341
0.342995
0.125053
0.44243
0.157735
0.200946
0.277732
0.365048
0.196376
0.73547
0.364849
0.158927
0.139954
0.256375
0.076081
0.458324
0.353525
0.194588
0.156443
0.339916
0.0458334
0.211277
0.0740943
0.195979
0.205316
0.207899
0.298195
0.236607
0.329684
0.0839285
0.184257
0.198661
0.458622
0.480674
0.0800544
0.183661
0.105186
0.384021
0.227965
0.253067
0.600269
0.276976
0.578454
0.328109
0.502539
0.239978
0.212754
0.449399
0.943282
0.106386
0.325055
0.18169
0.592154
0.233347
0.39652
0.52924
0.254376
0.388754
0.315282
0.4624
0.279768
0.531858
0.196262
0.586046
0.466676
0.510567
0.439277
0.451057
0.431598
0
0.417986
0.161009
0.330116
0.611002
0.298791
0.304375
0.619989
0.415892
0.21572
0.317551
0.292072
0.583079
0.330204
0.242945
0.552015
0.221567
0.486833
0.191288
0.433081
0.306906
0.257779
0.540933
0.535436
0.389539
0.620949
0.17532
0.264585
0.485437
0.258913
0.474093
0.240153
0.372524
0.169037
0.271828
0.223574
0.372088
0.291723
0.196087
0.573306
0.323572
0.181341
0.288843
0.209787
0.487793
0.445036
0.570688
0.2323
0.295824
0.287796
0.719726
0.365194
0.379505
0.311443
0.31633
0.412488
0.66772
0.384478
0.269384
0.293817
0.223661
0.305771
0.383606
0.294689
0.327673
0.500707
0.527233
0.416939
0.340849
0.48692
0.26188
0.280815
0.273835
0.35577
0.259088
0.350011
0.365543
0.51842
0.476711
0.309611
0.179595
0.17628
0.318424
0.279419
0.485786
0.160573
0.481161
0.384391
0.417637
0.0324776
0.513185
0.409434
0.315282
0.206471
0.445385
0.292944
0.321129
0.383431
0.399574
0.392157
0.578716
0.54198
0.33064
0.214848
0.302194
0.394077
0.341984
0.712221
0.212492
0.313188
0.59451
0.267116
0.114064
0.346521
0.264411
0.442244
0.320431
0.33413
0.418509
0.353414
0.537443
0.362926
0.326103
0.429766
0.493639
0.497042
0.195215
0.201061
0.28736
0.430987
0.274096
0.233608
0.49486
0.229158
0.30708
0.344252
0.385526
0.296784
1
0.554894
0.337446
0.259612
0.276016
0.125408
0.744682
0.371215
0.219298
0.187187
0.512923
0.0892829
0.232212
0.0506361
0.285178
0.392768
0.251671
0.27654
0.409871
0.48884
0.191637
0.322089
0.337359
0.576011
0.472522
0.0712204
0.238669
0.165896
0.451231
0.280554
0.336803
0.904711
0.666679
0.874479
0.510926
0.543071
0.624584
0.48452
0.677395
0.734798
0.270789
0.581723
0.317286
0.54422
0.504803
0.68237
0.80483
0.657878
0.690789
0.864911
0.922697
0.459263
0.663618
0.446252
0.480693
0.595882
0.572156
0.602388
0.582871
0.442807
0
0.753167
0.314607
0.434006
0.843098
0.460028
0.504037
0.799089
0.68811
0.47457
0.689258
0.590907
0.572156
0.54575
0.506716
0.615782
0.418315
0.730971
0.593586
0.698442
0.608894
0.487964
0.574069
0.649076
0.664766
0.667445
0.342543
0.529677
0.74934
0.355172
0.551873
0.391145
0.63262
0.246144
0.526999
0.354407
0.602771
0.46883
0.531591
0.748957
0.786843
0.45314
0.515901
0.332976
0.588229
0.917722
1
0.47878
0.358234
0.490261
0.567181
0.4474
0.54996
0.529295
0.542689
0.592438
0.934943
0.659408
0.368183
0.590142
0.309632
0.567181
0.522024
0.58555
0.510926
0.594352
0.645632
0.862233
0.487199
0.881367
0.679691
0.487582
0.599709
0.654051
0.414871
0.631855
0.742069
0.831235
0.659791
0.538479
0.473805
0.216945
0.64831
0.523937
0.593586
0.323792
0.605449
0.625732
0.551873
0.163063
0.64678
0.624967
0.568711
0.434388
0.916574
0.494853
0.588229
0.672802
0.688493
0.752019
0.706096
0.943745
0.47304
0.564502
0.712602
0.819754
0.697294
0.854962
0.409131
0.587463
0.815927
0.644484
0.140676
0.705714
0.481841
0.720638
0.542689
0.588229
0.554552
0.476484
0.642953
0.761586
0.450078
0.652903
0.568329
0.677395
0.223413
0.45888
0.525468
0.697677
0.471126
0.575983
0.716811
0.317669
0.466917
0.506333
0.83621
0.484138
0.79067
0.86185
0.737094
0.512074
0.431709
0.315373
0.885194
0.610807
0.414106
0.399181
0.678543
0.203704
0.361295
0.316138
0.37622
0.706096
0.55991
0.535418
0.696529
0.815927
0.370862
0.593203
0.515901
0.692319
0.644484
0.247943
0.381195
0.253377
0.736711
0.393058
0.2192
0.598462
0.545831
1
0.1575
0.378474
0.228859
0.321506
0.554504
0.552139
0.27262
0.438991
0.24522
0.522965
0.288587
0.422038
0.611473
0.247782
0.403706
0.493002
0.532032
0.152967
0.485314
0.234772
0.630002
0.387345
0.415336
0.533215
0.650108
0.399369
0
0.244826
0.281687
0.275774
0.612064
0.428543
0.419476
0.440371
0.46028
0.218805
0.388725
0.420461
0.252119
0.358368
0.346146
0.344569
0.201853
0.620737
0.147053
0.250148
0.356002
0.227282
0.214863
0.311847
0.398186
0.336882
0.653854
0.261975
0.326631
0.251528
0.342992
0.377489
0.561995
0.249162
0.364479
0.241869
0.829687
0.177016
0.212498
0.40962
0.398975
0.245417
0.361719
0.260004
0.325448
0.254485
0.49931
0.369012
0.317366
0.323477
0.709836
0.325251
0.28287
0.29864
0.320915
0.628425
0.3219
0.565149
0.364676
0.377292
0.00749064
0.622708
0.407057
0.296669
0.226296
0.397989
0.363099
0.304356
0.17189
0.303174
0.253893
0.2671
0.310073
0.357579
0.296274
0.246994
0.333728
0.337473
0.383797
0.312636
0.296077
0.220382
0.325448
0.25685
0.249951
0.185098
0.333728
0.490637
0.237532
0.0814114
0.276562
0.340824
0.245811
0.293712
0.787108
0.303174
0.208555
0.416716
0.202641
0.488863
0.528287
0.418884
0.214666
0.205795
0.33629
0.231815
0.221565
0.510349
0.179775
0.19929
0.446087
0.294697
0.3288
0.283461
0.205795
0.289178
0.28425
0.318155
0.184309
0.251725
0.277351
0.138577
0.143505
0.145082
0.345555
0.335305
0.613444
0.332348
0.18628
0.180367
0.411197
0.151981
0.285433
0.141336
0.297457
0.193968
0.313818
0.25271
0.497536
0.268874
0.0975754
0.198502
0.128721
0.12123
0.468362
0.240292
0.165385
0.214272
0.476641
0.244431
0.334319
0.114725
0.275774
0.24522
0.232801
0.231421
0.238321
0.22945
0.34043
0.161049
0.134043
0.378277
0.436231
0.0977725
0.265918
0.354228
0.249754
0.289769
